prompt_tokens,completion_tokens,total_tokens
929,112,1041
927,112,1039
941,143,1084
932,202,1134
949,173,1122
258,167,425
301,182,483
256,181,437
351,280,631
339,243,582
489,353,842
462,454,916
474,420,894
578,394,972
757,358,1115
668,323,991
721,396,1117
558,750,1308
700,444,1144
1073,485,1558
943,110,1053
953,173,1126
938,187,1125
929,188,1117
270,162,432
944,198,1142
343,220,563
342,256,598
334,220,554
359,268,627
471,348,819
515,345,860
539,417,956
560,433,993
578,418,996
665,464,1129
648,469,1117
745,418,1163
744,487,1231
736,482,1218
943,157,1100
931,144,1075
949,187,1136
947,184,1131
928,112,1040
353,302,655
257,161,418
292,246,538
317,222,539
348,302,650
531,399,930
543,500,1043
455,381,836
617,638,1255
615,511,1126
716,372,1088
683,291,974
805,473,1278
832,396,1228
961,667,1628
958,110,1068
921,173,1094
927,142,1069
285,151,436
337,216,553
311,227,538
923,126,1049
286,257,543
266,154,420
514,408,922
550,513,1063
529,566,1095
475,433,908
703,330,1033
814,443,1257
443,396,839
887,462,1349
765,467,1232
693,349,1042
950,157,1107
937,143,1080
949,140,1089
950,187,1137
929,123,1052
297,204,501
306,206,512
324,218,542
269,201,470
354,286,640
534,442,976
602,388,990
507,619,1126
496,395,891
521,574,1095
712,252,964
766,434,1200
930,507,1437
897,609,1506
698,414,1112
930,143,1073
936,140,1076
938,143,1081
929,173,1102
942,182,1124
293,212,505
298,181,479
319,218,537
341,303,644
290,181,471
514,534,1048
513,367,880
477,334,811
485,604,1089
611,565,1176
638,384,1022
844,590,1434
916,440,1356
670,290,960
881,529,1410
933,110,1043
929,131,1060
938,157,1095
937,173,1110
947,143,1090
260,158,418
277,174,451
307,219,526
312,249,561
327,263,590
457,372,829
566,383,949
469,385,854
553,391,944
679,384,1063
694,457,1151
703,381,1084
688,538,1226
532,413,945
734,455,1189
944,120,1064
958,157,1115
944,151,1095
927,173,1100
943,173,1116
281,199,480
312,199,511
333,194,527
317,230,547
503,423,926
509,443,952
332,229,561
523,457,980
509,612,1121
553,394,947
740,321,1061
761,451,1212
758,332,1090
930,576,1506
726,501,1227
935,173,1108
950,163,1113
922,112,1034
939,143,1082
951,202,1153
251,180,431
299,179,478
325,247,572
370,271,641
468,361,829
330,227,557
548,450,998
484,402,886
588,528,1116
657,342,999
759,429,1188
715,334,1049
543,499,1042
853,377,1230
823,521,1344
934,112,1046
947,143,1090
937,110,1047
945,173,1118
263,147,410
307,206,513
264,167,431
927,110,1037
335,232,567
254,150,404
447,356,803
470,361,831
519,433,952
543,408,951
443,405,848
664,376,1040
754,492,1246
672,399,1071
727,613,1340
706,437,1143
938,116,1054
937,110,1047
928,112,1040
953,143,1096
945,188,1133
264,163,427
313,187,500
257,168,425
271,199,470
350,232,582
466,332,798
462,429,891
506,426,932
503,532,1035
731,272,1003
643,431,1074
543,638,1181
753,483,1236
844,622,1466
957,567,1524
924,112,1036
930,110,1040
941,110,1051
944,173,1117
934,157,1091
257,134,391
268,137,405
253,165,418
308,214,522
334,223,557
444,432,876
430,437,867
514,482,996
533,507,1040
747,401,1148
741,412,1153
790,408,1198
825,427,1252
455,408,863
706,302,1008
933,157,1090
933,173,1106
933,154,1087
941,143,1084
948,110,1058
323,238,561
304,192,496
301,215,516
307,218,525
275,146,421
517,445,962
491,487,978
522,482,1004
537,443,980
460,478,938
794,396,1190
800,360,1160
797,483,1280
750,511,1261
752,530,1282
963,150,1113
935,110,1045
934,157,1091
950,173,1123
940,173,1113
262,140,402
330,268,598
340,216,556
308,247,555
330,229,559
441,424,865
532,441,973
535,376,911
597,489,1086
547,641,1188
733,403,1136
690,395,1085
765,338,1103
826,445,1271
949,423,1372
931,104,1035
932,112,1044
938,171,1109
940,182,1122
938,112,1050
252,151,403
261,179,440
267,154,421
326,212,538
477,391,868
448,476,924
516,359,875
458,494,952
339,254,593
781,419,1200
697,380,1077
671,333,1004
806,426,1232
560,550,1110
864,501,1365
941,112,1053
931,112,1043
929,112,1041
954,168,1122
270,148,418
952,179,1131
258,187,445
339,212,551
348,245,593
260,177,437
455,372,827
482,476,958
532,553,1085
474,407,881
563,468,1031
779,372,1151
712,312,1024
687,341,1028
794,430,1224
881,492,1373
926,110,1036
947,143,1090
944,112,1056
964,165,1129
951,173,1124
253,142,395
273,140,413
346,195,541
341,213,554
307,232,539
434,421,855
450,397,847
525,528,1053
530,421,951
715,336,1051
721,466,1187
866,431,1297
746,459,1205
545,452,997
773,519,1292
943,143,1086
935,143,1078
952,157,1109
937,173,1110
303,195,498
295,179,474
929,112,1041
326,197,523
327,237,564
480,488,968
540,402,942
258,158,416
504,515,1019
515,637,1152
797,453,1250
713,399,1112
453,382,835
832,489,1321
685,368,1053
963,598,1561
926,112,1038
939,143,1082
943,143,1086
944,154,1098
929,143,1072
255,164,419
299,199,498
303,209,512
289,188,477
504,313,817
456,400,856
483,419,902
508,482,990
518,487,1005
626,322,948
700,364,1064
722,359,1081
804,497,1301
800,579,1379
921,112,1033
935,143,1078
935,134,1069
940,143,1083
937,143,1080
250,174,424
286,179,465
300,189,489
295,200,495
297,219,516
480,515,995
501,447,948
461,399,860
495,493,988
522,432,954
756,433,1189
807,449,1256
743,291,1034
694,401,1095
824,453,1277
940,143,1083
938,110,1048
934,153,1087
934,112,1046
924,184,1108
304,178,482
265,140,405
300,182,482
263,144,407
325,240,565
444,475,919
478,383,861
488,554,1042
444,476,920
783,395,1178
530,532,1062
691,360,1051
868,501,1369
788,446,1234
830,385,1215
947,110,1057
934,104,1038
942,144,1086
956,173,1129
944,163,1107
274,144,418
255,193,448
303,235,538
324,226,550
346,223,569
457,371,828
536,458,994
545,496,1041
692,317,1009
543,599,1142
826,353,1179
776,469,1245
915,399,1314
493,414,907
722,358,1080
956,129,1085
932,144,1076
947,143,1090
959,188,1147
931,187,1118
302,169,471
293,200,493
335,279,614
364,247,611
307,264,571
491,516,1007
572,413,985
576,435,1011
498,852,1350
577,457,1034
746,391,1137
846,363,1209
740,459,1199
778,391,1169
1158,567,1725
938,110,1048
946,124,1070
955,173,1128
938,145,1083
287,188,475
300,240,540
968,143,1111
345,231,576
265,137,402
328,206,534
500,468,968
544,436,980
788,351,1139
552,384,936
441,417,858
748,361,1109
713,222,935
729,371,1100
540,427,967
769,436,1205
944,112,1056
952,157,1109
943,173,1116
934,142,1076
924,173,1097
273,169,442
293,188,481
333,214,547
326,221,547
314,218,532
479,391,870
539,491,1030
488,631,1119
523,490,1013
709,572,1281
508,532,1040
939,406,1345
807,412,1219
830,397,1227
817,445,1262
942,143,1085
956,110,1066
940,187,1127
955,143,1098
949,168,1117
283,139,422
315,213,528
344,277,621
334,265,599
461,430,891
302,254,556
760,337,1097
580,381,961
534,584,1118
562,397,959
913,498,1411
583,613,1196
713,298,1011
704,381,1085
927,502,1429
936,112,1048
938,112,1050
950,143,1093
956,150,1106
943,177,1120
265,139,404
267,171,438
323,203,526
310,192,502
337,267,604
441,433,874
508,362,870
525,434,959
475,487,962
576,410,986
686,451,1137
799,326,1125
743,316,1059
764,937,1701
727,418,1145
932,112,1044
922,138,1060
938,154,1092
934,173,1107
946,110,1056
277,183,460
261,180,441
309,194,503
324,238,562
273,151,424
478,419,897
498,518,1016
471,518,989
538,590,1128
463,380,843
725,400,1125
830,328,1158
898,565,1463
700,412,1112
814,442,1256
945,157,1102
923,112,1035
926,173,1099
944,173,1117
252,137,389
948,120,1068
319,203,522
334,219,553
285,209,494
316,256,572
426,414,840
514,447,961
529,462,991
711,306,1017
548,374,922
523,574,1097
780,525,1305
674,427,1101
766,554,1320
896,532,1428
931,110,1041
944,184,1128
957,173,1130
943,129,1072
258,173,431
964,188,1152
289,199,488
470,349,819
347,216,563
369,248,617
508,387,895
345,256,601
654,426,1080
539,479,1018
578,465,1043
704,423,1127
566,438,1004
810,356,1166
756,393,1149
803,514,1317
947,157,1104
938,124,1062
929,157,1086
933,173,1106
943,165,1108
279,175,454
323,229,552
325,201,526
321,240,561
303,232,535
479,475,954
528,484,1012
510,498,1008
527,573,1100
553,472,1025
787,435,1222
791,397,1188
815,499,1314
876,398,1274
793,490,1283
942,110,1052
926,112,1038
933,131,1064
933,143,1076
943,143,1086
303,167,470
281,168,449
255,151,406
293,204,497
269,151,420
476,316,792
467,371,838
443,448,891
633,299,932
503,526,1029
459,427,886
748,361,1109
678,583,1261
833,535,1368
743,563,1306
937,143,1080
941,112,1053
937,173,1110
929,187,1116
297,210,507
270,183,453
333,236,569
327,228,555
953,173,1126
343,236,579
490,391,881
531,358,889
513,556,1069
531,395,926
706,354,1060
661,339,1000
706,433,1139
867,458,1325
555,458,1013
785,548,1333
934,112,1046
935,173,1108
948,171,1119
943,202,1145
947,188,1135
263,183,446
336,241,577
352,223,575
325,240,565
362,260,622
483,300,783
555,468,1023
569,395,964
608,269,877
541,445,986
536,601,1137
712,360,1072
790,576,1366
754,399,1153
922,618,1540
940,112,1052
924,112,1036
941,159,1100
945,173,1118
948,173,1121
269,156,425
253,178,431
317,238,555
335,181,516
338,212,550
468,343,811
462,434,896
641,224,865
526,470,996
748,422,1170
492,544,1036
792,476,1268
545,419,964
863,516,1379
734,426,1160
955,130,1085
941,199,1140
939,157,1096
943,188,1131
302,186,488
357,263,620
348,224,572
949,150,1099
313,252,565
316,205,521
507,433,940
557,484,1041
570,616,1186
762,453,1215
520,559,1079
533,499,1032
797,415,1212
931,445,1376
816,438,1254
882,681,1563
943,110,1053
938,143,1081
943,157,1100
930,112,1042
957,188,1145
270,163,433
259,174,433
298,198,496
362,237,599
317,222,539
502,351,853
470,488,958
472,334,806
531,419,950
560,511,1071
736,288,1024
792,380,1172
651,317,968
663,391,1054
842,463,1305
935,110,1045
942,143,1085
940,112,1052
939,184,1123
262,155,417
302,204,506
340,273,613
269,168,437
946,187,1133
456,514,970
512,422,934
474,400,874
578,475,1053
738,383,1121
823,429,1252
714,450,1164
788,532,1320
350,286,636
598,554,1152
874,607,1481
935,112,1047
938,157,1095
946,202,1148
954,143,1097
264,186,450
312,194,506
314,216,530
950,171,1121
365,230,595
338,235,573
536,493,1029
498,546,1044
551,438,989
542,513,1055
821,410,1231
858,482,1340
487,398,885
762,637,1399
833,429,1262
707,338,1045
935,133,1068
938,129,1067
932,110,1042
929,143,1072
930,143,1073
284,163,447
259,160,419
285,174,459
290,182,472
289,217,506
458,398,856
475,401,876
478,496,974
512,447,959
704,279,983
710,430,1140
800,505,1305
750,329,1079
467,467,934
779,308,1087
951,143,1094
933,157,1090
957,173,1130
347,230,577
297,207,504
930,143,1073
290,199,489
307,178,485
553,428,981
311,222,533
510,429,939
495,396,891
477,499,976
740,503,1243
539,470,1009
759,625,1384
806,449,1255
700,631,1331
795,457,1252
943,110,1053
939,143,1082
954,143,1097
939,143,1082
941,163,1104
270,138,408
299,182,481
314,214,528
321,225,546
447,409,856
487,456,943
299,198,497
534,502,1036
769,509,1278
726,427,1153
830,523,1353
503,502,1005
815,427,1242
532,499,1031
814,458,1272
923,109,1032
928,112,1040
950,143,1093
955,173,1128
958,171,1129
249,135,384
257,177,434
310,193,503
345,212,557
424,348,772
509,419,928
471,407,878
645,310,955
533,662,1195
709,313,1022
743,385,1128
346,266,612
991,503,1494
590,657,1247
989,478,1467
940,112,1052
934,112,1046
944,151,1095
928,126,1054
929,129,1058
269,162,431
263,153,416
275,174,449
312,197,509
468,346,814
271,174,445
453,346,799
507,456,963
469,513,982
660,289,949
468,370,838
654,366,1020
774,489,1263
816,334,1150
672,447,1119
931,133,1064
951,157,1108
938,143,1081
955,168,1123
949,182,1131
281,209,490
325,196,521
340,205,545
298,210,508
348,242,590
526,390,916
506,448,954
513,455,968
557,416,973
514,558,1072
753,336,1089
719,468,1187
739,341,1080
780,440,1220
870,449,1319
938,112,1050
933,127,1060
949,120,1069
919,173,1092
951,143,1094
277,155,432
286,185,471
309,215,524
311,231,542
267,154,421
454,519,973
500,457,957
500,512,1012
548,556,1104
458,373,831
826,429,1255
750,417,1167
835,518,1353
685,425,1110
881,583,1464
947,157,1104
958,157,1115
936,163,1099
950,143,1093
955,177,1132
332,216,548
316,207,523
321,192,513
349,217,566
310,198,508
540,433,973
505,486,991
509,480,989
514,419,933
538,503,1041
790,412,1202
765,433,1198
807,473,1280
743,531,1274
832,467,1299
934,143,1077
928,154,1082
945,173,1118
948,202,1150
941,127,1068
294,218,512
335,224,559
299,266,565
285,179,464
367,319,686
633,399,1032
486,502,988
560,449,1009
518,531,1049
535,585,1120
721,370,1091
751,407,1158
817,507,1324
839,407,1246
904,437,1341
934,112,1046
943,154,1097
947,157,1104
938,143,1081
968,143,1111
321,194,515
263,181,444
328,192,520
298,215,513
481,394,875
507,430,937
519,423,942
314,251,565
526,428,954
702,348,1050
751,383,1134
735,339,1074
770,328,1098
560,527,1087
844,694,1538
954,143,1097
944,120,1064
919,134,1053
953,143,1096
947,143,1090
314,184,498
281,165,446
270,166,436
307,160,467
313,181,494
475,435,910
451,483,934
473,368,841
500,364,864
504,503,1007
776,336,1112
753,366,1119
689,429,1118
691,337,1028
831,507,1338
929,127,1056
942,143,1085
927,134,1061
937,173,1110
273,165,438
278,170,448
931,143,1074
327,217,544
291,168,459
302,272,574
463,441,904
520,393,913
460,501,961
580,442,1022
465,541,1006
804,304,1108
704,328,1032
742,383,1125
758,407,1165
846,363,1209
945,110,1055
935,143,1078
926,112,1038
947,187,1134
255,131,386
938,163,1101
295,180,475
272,160,432
351,225,576
318,186,504
423,308,731
481,410,891
471,446,917
608,323,931
490,437,927
538,395,933
719,363,1082
749,361,1110
765,373,1138
716,456,1172
957,134,1091
941,116,1057
929,143,1072
941,173,1114
308,182,490
926,112,1038
274,190,464
289,206,495
331,195,526
255,158,413
497,474,971
505,396,901
450,362,812
501,378,879
681,345,1026
662,322,984
789,466,1255
727,415,1142
502,528,1030
843,456,1299
945,143,1088
926,112,1038
944,143,1087
947,165,1112
255,167,422
304,185,489
329,204,533
960,154,1114
495,397,892
305,198,503
331,253,584
459,480,939
715,299,1014
579,418,997
509,460,969
780,337,1117
752,514,1266
779,541,1320
517,482,999
803,536,1339
918,112,1030
954,120,1074
938,157,1095
951,174,1125
948,199,1147
291,156,447
342,254,596
364,290,654
312,243,555
247,140,387
571,490,1061
424,435,859
476,559,1035
604,661,1265
547,625,1172
815,492,1307
727,340,1067
887,385,1272
983,606,1589
937,451,1388
929,109,1038
943,177,1120
947,157,1104
935,124,1059
947,127,1074
255,133,388
291,169,460
276,237,513
337,228,565
321,232,553
428,401,829
538,377,915
482,355,837
545,342,887
537,401,938
704,406,1110
686,392,1078
718,254,972
676,423,1099
663,557,1220
933,143,1076
934,112,1046
930,112,1042
948,202,1150
945,187,1132
263,166,429
259,160,419
293,219,512
349,252,601
367,276,643
518,440,958
456,460,916
563,437,1000
466,606,1072
590,563,1153
747,373,1120
764,392,1156
914,362,1276
756,367,1123
885,385,1270
944,143,1087
950,163,1113
921,152,1073
947,173,1120
304,211,515
290,209,499
330,227,557
337,225,562
922,154,1076
293,188,481
496,309,805
521,514,1035
604,214,818
538,441,979
476,372,848
543,621,1164
668,271,939
832,529,1361
762,418,1180
945,603,1548
929,110,1039
918,129,1047
959,173,1132
956,143,1099
944,187,1131
256,151,407
264,160,424
316,207,523
349,261,610
348,260,608
444,411,855
446,424,870
570,420,990
586,474,1060
703,377,1080
529,612,1141
727,483,1210
738,401,1139
807,372,1179
942,506,1448
934,154,1088
948,143,1091
967,154,1121
938,141,1079
943,143,1086
296,189,485
303,192,495
308,189,497
305,217,522
338,228,566
517,489,1006
501,482,983
493,550,1043
503,486,989
561,514,1075
797,349,1146
862,381,1243
855,369,1224
799,524,1323
808,744,1552
947,165,1112
941,143,1084
952,143,1095
945,175,1120
301,202,503
312,221,533
329,220,549
337,225,562
953,173,1126
509,389,898
343,234,577
539,473,1012
533,630,1163
553,466,1019
799,348,1147
704,408,1112
536,710,1246
793,466,1259
951,516,1467
1029,516,1545
939,143,1082
947,143,1090
929,112,1041
957,154,1111
941,184,1125
258,171,429
307,191,498
328,199,527
299,212,511
342,295,637
466,434,900
522,496,1018
504,553,1057
517,553,1070
737,353,1090
602,586,1188
827,483,1310
866,462,1328
874,560,1434
901,329,1230
940,143,1083
941,143,1084
924,198,1122
957,143,1100
949,131,1080
301,212,513
317,198,515
300,190,490
297,169,466
339,284,623
496,508,1004
521,520,1041
519,577,1096
574,415,989
484,553,1037
713,426,1139
876,549,1425
851,559,1410
822,539,1361
892,542,1434
954,143,1097
932,126,1058
931,129,1060
932,187,1119
956,143,1099
277,165,442
275,161,436
316,181,497
314,217,531
336,242,578
462,343,805
503,391,894
537,447,984
540,422,962
459,555,1014
721,457,1178
728,362,1090
775,435,1210
648,362,1010
861,579,1440
946,145,1091
931,168,1099
925,112,1037
937,157,1094
943,157,1100
308,178,486
254,164,418
317,200,517
316,247,563
311,220,531
490,411,901
544,449,993
523,432,955
455,294,749
509,484,993
754,383,1137
731,372,1103
593,293,886
743,408,1151
801,362,1163
943,117,1060
935,110,1045
927,126,1053
968,157,1125
944,143,1087
262,138,400
270,166,436
342,195,537
277,191,468
304,187,491
497,378,875
500,510,1010
459,510,969
529,823,1352
696,375,1071
827,419,1246
439,427,866
811,501,1312
1165,747,1912
736,532,1268
953,120,1073
954,127,1081
944,150,1094
948,173,1121
290,184,474
338,235,573
311,190,501
298,194,492
938,173,1111
328,238,566
549,448,997
514,344,858
503,557,1060
672,380,1052
500,651,1151
542,532,1074
770,390,1160
844,452,1296
969,505,1474
884,440,1324
923,112,1035
947,151,1098
933,157,1090
950,163,1113
933,173,1106
252,173,425
315,197,512
330,205,535
323,207,530
307,222,529
510,496,1006
521,438,959
506,651,1157
745,445,1190
521,678,1199
817,510,1327
958,427,1385
462,435,897
1002,472,1474
732,278,1010
958,114,1072
948,150,1098
945,173,1118
949,163,1112
949,202,1151
289,153,442
315,218,533
335,249,584
329,211,540
368,285,653
477,514,991
560,414,974
526,691,1217
532,479,1011
600,459,1059
846,618,1464
801,632,1433
733,498,1231
782,569,1351
1014,506,1520
934,110,1044
944,144,1088
935,112,1047
926,112,1038
958,157,1115
261,165,426
255,156,411
305,201,506
332,205,537
511,491,1002
529,605,1134
448,474,922
774,424,1198
937,442,1379
809,460,1269
264,162,426
463,419,882
728,339,1067
465,387,852
695,336,1031
932,112,1044
953,143,1096
945,143,1088
261,187,448
931,143,1074
305,181,486
313,174,487
941,118,1059
291,186,477
276,182,458
485,476,961
492,480,972
489,434,923
782,382,1164
493,527,1020
483,572,1055
854,484,1338
749,396,1145
877,508,1385
799,440,1239
947,143,1090
921,112,1033
953,143,1096
946,129,1075
946,166,1112
250,179,429
292,152,444
307,221,528
329,233,562
313,197,510
466,391,857
464,435,899
534,494,1028
545,493,1038
516,479,995
686,354,1040
755,407,1162
806,430,1236
815,464,1279
813,425,1238
937,173,1110
941,143,1084
954,143,1097
941,173,1114
327,234,561
301,187,488
314,217,531
331,277,608
494,392,886
537,493,1030
584,536,1120
707,328,1035
537,680,1217
804,435,1239
851,471,1322
1008,529,1537
936,173,1109
326,239,565
541,620,1161
930,446,1376
936,110,1046
934,143,1077
941,159,1100
949,143,1092
949,173,1122
263,144,407
339,199,538
294,204,498
309,176,485
317,230,547
446,406,852
504,363,867
491,466,957
514,501,1015
537,423,960
671,360,1031
716,336,1052
789,400,1189
824,510,1334
738,368,1106
951,143,1094
940,157,1097
938,177,1115
948,183,1131
938,187,1125
311,192,503
314,212,526
332,250,582
348,284,632
342,253,595
518,462,980
509,465,974
598,504,1102
776,424,1200
557,493,1050
790,526,1316
805,409,1214
826,647,1473
554,458,1012
770,457,1227
941,163,1104
952,143,1095
930,112,1042
946,124,1070
930,143,1073
321,219,540
312,202,514
259,178,437
290,170,460
287,182,469
474,397,871
520,707,1227
526,656,1182
494,571,1065
466,454,920
701,329,1030
1033,433,1466
971,394,1365
891,579,1470
758,523,1281
933,110,1043
929,149,1078
955,173,1128
941,188,1129
260,167,427
295,159,454
943,187,1130
345,238,583
346,262,608
347,271,618
466,343,809
454,374,828
569,486,1055
559,556,1115
650,372,1022
801,392,1193
885,317,1202
677,340,1017
580,447,1027
764,529,1293
930,112,1042
935,143,1078
934,173,1107
939,157,1096
931,163,1094
295,174,469
259,176,435
324,197,521
313,243,556
311,228,539
472,374,846
475,482,957
548,498,1046
497,500,997
525,436,961
678,339,1017
791,352,1143
811,607,1418
741,418,1159
808,541,1349
929,143,1072
926,112,1038
938,134,1072
934,173,1107
255,125,380
289,190,479
944,143,1087
324,229,553
289,178,467
417,427,844
304,191,495
494,406,900
529,508,1037
473,382,855
501,333,834
727,424,1151
685,343,1028
816,411,1227
718,424,1142
651,466,1117
942,97,1039
943,110,1053
930,173,1103
972,150,1122
270,154,424
256,137,393
320,224,544
941,188,1129
346,247,593
445,455,900
339,247,586
463,461,924
520,456,976
778,257,1035
554,386,940
771,410,1181
760,478,1238
585,505,1090
851,523,1374
701,618,1319
944,143,1087
936,143,1079
943,157,1100
934,173,1107
938,145,1083
317,225,542
296,215,511
304,225,529
300,242,542
324,231,555
517,456,973
534,559,1093
535,494,1029
766,455,1221
546,835,1381
876,459,1335
812,445,1257
531,327,858
1147,389,1536
635,267,902
938,110,1048
938,173,1111
945,143,1088
944,157,1101
942,143,1085
305,182,487
318,257,575
328,218,546
302,182,484
265,142,407
567,423,990
490,424,914
446,468,914
741,341,1082
780,486,1266
493,618,1111
522,457,979
740,323,1063
937,392,1329
769,483,1252
944,151,1095
952,173,1125
946,167,1113
944,143,1087
947,156,1103
312,194,506
342,214,556
304,209,513
330,292,622
320,195,515
504,420,924
604,473,1077
508,501,1009
738,440,1178
793,508,1301
822,327,1149
519,645,1164
532,605,1137
963,427,1390
931,481,1412
929,134,1063
955,120,1075
951,120,1071
941,163,1104
292,152,444
288,207,495
280,185,465
321,192,513
933,134,1067
473,410,883
284,155,439
524,468,992
480,519,999
454,371,825
499,548,1047
739,414,1153
822,338,1160
863,490,1353
793,449,1242
678,387,1065
953,163,1116
944,143,1087
947,168,1115
945,163,1108
304,196,500
332,218,550
333,264,597
953,153,1106
506,414,920
323,230,553
325,235,560
732,490,1222
549,517,1066
546,424,970
583,607,1190
844,369,1213
743,439,1182
934,489,1423
531,436,967
757,461,1218
954,120,1074
919,112,1031
936,173,1109
941,143,1084
291,168,459
945,143,1088
248,172,420
326,232,558
301,179,480
305,178,483
457,370,827
488,423,911
489,474,963
534,471,1005
663,311,974
793,352,1145
781,512,1293
751,639,1390
486,464,950
779,430,1209
942,120,1062
929,143,1072
933,171,1104
934,173,1107
936,145,1081
279,167,446
324,245,569
289,200,489
298,178,476
475,374,849
495,387,882
321,223,544
480,495,975
690,316,1006
545,491,1036
522,467,989
799,398,1197
690,369,1059
805,563,1368
774,439,1213
927,112,1039
939,143,1082
940,129,1069
939,173,1112
963,188,1151
256,155,411
286,169,455
299,175,474
329,243,572
475,345,820
368,315,683
448,375,823
480,440,920
659,349,1008
548,490,1038
676,302,978
644,457,1101
753,432,1185
803,396,1199
794,418,1212
937,112,1049
948,143,1091
929,112,1041
948,171,1119
949,143,1092
266,213,479
258,164,422
336,212,548
309,196,505
459,365,824
308,219,527
516,423,939
511,372,883
526,600,1126
668,323,991
533,538,1071
695,330,1025
922,385,1307
860,430,1290
734,453,1187
943,172,1115
945,187,1132
947,120,1067
945,154,1099
946,173,1119
284,157,441
332,240,572
336,234,570
316,193,509
349,273,622
470,321,791
546,372,918
504,403,907
642,334,976
692,342,1034
722,510,1232
549,471,1020
584,462,1046
788,455,1243
781,458,1239
925,112,1037
939,144,1083
936,143,1079
934,173,1107
955,173,1128
254,178,432
300,222,522
296,209,505
324,235,559
345,234,579
469,384,853
511,435,946
535,500,1035
527,465,992
555,392,947
683,294,977
808,323,1131
745,469,1214
778,543,1321
721,431,1152
932,112,1044
934,157,1091
947,127,1074
948,173,1121
261,181,442
308,203,511
291,162,453
338,217,555
937,143,1080
297,189,486
531,360,891
479,427,906
503,463,966
733,353,1086
682,407,1089
492,545,1037
771,390,1161
856,389,1245
475,468,943
789,410,1199
940,110,1050
937,143,1080
944,173,1117
930,187,1117
942,143,1085
267,152,419
297,176,473
334,244,578
334,253,587
302,266,568
540,400,940
574,482,1056
479,613,1092
563,517,1080
704,333,1037
835,417,1252
798,411,1209
924,510,1434
458,443,901
757,516,1273
923,112,1035
930,168,1098
931,143,1074
935,143,1078
939,187,1126
252,140,392
295,171,466
315,217,532
291,198,489
343,287,630
429,461,890
495,430,925
513,448,961
472,440,912
592,423,1015
758,343,1101
752,305,1057
735,503,1238
749,341,1090
736,409,1145
926,112,1038
939,143,1082
928,154,1082
939,143,1082
933,142,1075
299,215,514
299,187,486
292,173,465
299,221,520
255,180,435
472,430,902
520,591,1111
515,388,903
492,547,1039
472,415,887
904,408,1312
860,196,1056
690,309,999
737,647,1384
715,401,1116
935,110,1045
945,151,1096
948,157,1105
951,173,1124
940,163,1103
262,155,417
322,245,567
313,214,527
341,221,562
320,250,570
456,451,907
538,493,1031
525,520,1045
818,377,1195
839,454,1293
559,467,1026
760,432,1192
556,613,1169
927,443,1370
789,403,1192
928,112,1040
939,151,1090
934,157,1091
938,129,1067
257,160,417
941,199,1140
284,138,422
308,222,530
357,249,606
307,220,527
454,321,775
442,419,861
623,368,991
556,441,997
522,599,1121
525,511,1036
731,409,1140
756,482,1238
907,468,1375
824,434,1258
938,143,1081
941,112,1053
942,162,1104
934,187,1121
298,191,489
321,235,556
338,237,575
958,182,1140
270,190,460
357,273,630
537,455,992
543,560,1103
497,455,952
763,416,1179
495,475,970
597,369,966
876,548,1424
701,334,1035
770,783,1553
787,421,1208
935,110,1045
925,112,1037
955,143,1098
942,182,1124
968,157,1125
262,150,412
315,207,522
342,199,541
254,158,412
341,254,595
451,490,941
449,383,832
533,432,965
562,451,1013
774,501,1275
799,390,1189
528,507,1035
767,444,1211
836,362,1198
682,321,1003
929,126,1055
945,112,1057
941,143,1084
951,143,1094
274,135,409
301,205,506
272,167,439
311,173,484
946,143,1089
446,400,846
306,208,514
462,387,849
512,433,945
719,364,1083
748,385,1133
490,623,1113
690,432,1122
948,430,1378
520,526,1046
846,412,1258
935,110,1045
941,143,1084
946,165,1111
933,143,1076
932,187,1119
262,153,415
301,200,501
293,203,496
336,266,602
328,204,532
454,372,826
516,299,815
564,691,1255
502,352,854
681,274,955
507,590,1097
619,373,992
659,280,939
997,547,1544
905,494,1399
943,143,1086
945,143,1088
943,154,1097
953,188,1141
932,133,1065
305,219,524
282,177,459
358,328,686
314,203,517
303,178,481
475,339,814
647,400,1047
530,620,1150
645,369,1014
512,443,955
487,562,1049
727,377,1104
760,303,1063
939,609,1548
879,387,1266
933,151,1084
936,143,1079
937,184,1121
936,112,1048
301,180,481
265,142,407
296,190,486
957,163,1120
338,229,567
337,207,544
492,410,902
479,446,925
720,440,1160
530,629,1159
753,518,1271
444,436,880
960,372,1332
746,301,1047
532,516,1048
827,527,1354
925,112,1037
929,168,1097
951,173,1124
939,143,1082
956,157,1113
254,141,395
330,208,538
341,278,619
299,190,489
432,437,869
314,230,544
595,390,985
530,462,992
495,400,895
525,417,942
736,383,1119
720,355,1075
715,620,1335
713,361,1074
792,479,1271
934,112,1046
944,173,1117
945,143,1088
950,157,1107
919,173,1092
263,137,400
305,209,514
334,226,560
324,236,560
309,224,533
520,484,1004
552,451,1003
437,474,911
509,423,932
536,398,934
782,317,1099
716,424,1140
716,313,1029
803,428,1231
775,498,1273
944,151,1095
946,127,1073
931,141,1072
949,110,1059
938,136,1074
276,155,431
312,193,505
289,182,471
291,209,500
290,156,446
470,386,856
479,379,858
503,592,1095
468,476,944
684,397,1081
796,320,1116
513,485,998
910,573,1483
709,365,1074
797,431,1228
932,126,1058
936,143,1079
953,143,1096
957,163,1120
939,175,1114
275,173,448
313,162,475
331,248,579
296,192,488
337,210,547
471,579,1050
481,440,921
494,482,976
533,530,1063
767,328,1095
553,455,1008
885,422,1307
861,415,1276
792,389,1181
768,362,1130
932,112,1044
935,129,1064
934,163,1097
281,169,450
940,157,1097
261,191,452
933,187,1120
314,197,511
314,243,557
470,430,900
337,261,598
503,401,904
543,473,1016
489,395,884
781,243,1024
715,479,1194
560,442,1002
701,390,1091
749,515,1264
739,442,1181
934,112,1046
934,126,1060
954,120,1074
938,143,1081
277,204,481
291,178,469
957,155,1112
263,139,402
298,222,520
498,330,828
439,361,800
526,336,862
329,244,573
504,446,950
669,352,1021
648,456,1104
567,551,1118
754,446,1200
658,597,1255
882,498,1380
919,110,1029
948,110,1058
928,112,1040
924,112,1036
275,160,435
246,173,419
257,152,409
253,182,435
474,363,837
458,431,889
938,124,1062
472,459,931
724,265,989
446,447,893
279,210,489
757,327,1084
749,388,1137
514,695,1209
1007,422,1429
685,379,1064
931,112,1043
933,138,1071
954,150,1104
321,194,515
928,138,1066
260,200,460
283,201,484
950,173,1123
497,402,899
288,203,491
340,276,616
514,624,1138
495,539,1034
707,399,1106
592,479,1071
841,481,1322
952,446,1398
502,449,951
803,1131,1934
756,440,1196
932,112,1044
930,154,1084
955,157,1112
942,142,1084
948,143,1091
261,149,410
329,204,533
301,198,499
301,194,495
308,202,510
447,377,824
494,336,830
502,406,908
683,263,946
516,513,1029
640,304,944
722,372,1094
835,368,1203
525,524,1049
853,662,1515
928,112,1040
935,151,1086
964,188,1152
257,197,454
303,230,533
947,143,1090
369,273,642
307,196,503
491,382,873
531,470,1001
684,388,1072
603,513,1116
779,377,1156
509,633,1142
954,641,1595
851,434,1285
