prompt_tokens,completion_tokens,total_tokens
857,148,1005
857,163,1020
857,161,1018
857,186,1043
857,148,1005
237,159,396
222,228,450
260,237,497
222,224,446
371,375,746
440,436,876
613,349,962
674,380,1054
235,196,431
408,288,696
526,287,813
449,337,786
436,406,842
575,450,1025
644,410,1054
857,157,1014
857,147,1004
857,161,1018
857,157,1014
857,167,1024
231,205,436
241,233,474
231,255,486
221,224,445
417,438,855
235,209,444
445,340,785
467,557,1024
676,506,1182
421,460,881
578,409,987
795,536,1331
436,462,898
698,339,1037
700,145,845
857,161,1018
857,157,1014
857,133,990
857,167,1024
857,161,1018
235,180,415
207,158,365
241,213,454
231,263,494
235,189,424
370,294,664
401,294,695
425,478,903
532,277,809
532,361,893
716,620,1336
392,279,671
517,285,802
475,508,983
746,489,1235
857,138,995
857,186,1043
857,186,1043
857,186,1043
212,223,435
260,250,510
857,161,1018
260,221,481
235,196,431
260,216,476
408,386,794
624,301,925
428,399,827
435,669,1104
433,416,849
907,766,1673
462,492,954
654,368,1022
637,324,961
730,637,1367
857,132,989
857,161,1018
857,170,1027
857,186,1043
206,172,378
244,205,449
260,209,469
235,200,435
417,413,830
421,423,844
857,147,1004
384,465,849
412,380,792
221,213,434
661,450,1111
618,330,948
651,469,1120
703,564,1267
425,429,854
667,313,980
857,138,995
857,144,1001
857,170,1027
212,197,409
857,167,1024
244,213,457
409,484,893
425,402,827
218,229,447
722,365,1087
857,161,1018
441,393,834
241,201,442
235,204,439
631,465,1096
416,544,960
782,318,1100
413,378,791
616,522,1138
640,313,953
857,157,1014
857,167,1024
857,186,1043
857,186,1043
857,186,1043
241,223,464
260,252,512
260,244,504
260,218,478
231,214,445
435,418,853
426,414,840
430,399,829
656,210,866
464,379,843
637,379,1016
652,501,1153
456,563,1019
617,420,1037
801,464,1265
857,161,1018
857,148,1005
857,132,989
857,148,1005
857,186,1043
235,190,425
260,206,466
206,181,387
402,328,730
222,215,437
222,204,426
393,476,869
416,496,912
566,328,894
734,486,1220
714,479,1193
418,450,868
427,398,825
636,517,1153
688,573,1261
857,148,1005
857,148,1005
857,155,1012
857,161,1018
857,186,1043
260,269,529
229,175,404
222,201,423
235,198,433
222,229,451
387,276,663
410,316,726
413,396,809
441,461,902
481,555,1036
514,326,840
634,283,917
554,341,895
793,429,1222
699,603,1302
857,167,1024
857,186,1043
857,186,1043
857,161,1018
857,186,1043
235,206,441
260,217,477
241,223,464
260,256,516
260,246,506
435,297,732
429,360,789
458,316,774
468,396,864
418,491,909
535,339,874
554,359,913
598,386,984
729,442,1171
634,395,1029
857,148,1005
857,161,1018
857,148,1005
857,170,1027
857,161,1018
222,176,398
235,179,414
222,184,406
244,219,463
235,197,432
388,410,798
391,359,750
396,428,824
431,403,834
409,396,805
597,329,926
634,391,1025
666,543,1209
641,668,1309
857,148,1005
857,161,1018
857,170,1027
857,148,1005
857,161,1018
235,182,417
222,167,389
235,178,413
222,230,452
244,232,476
394,351,745
390,318,708
444,365,809
379,431,810
589,255,844
442,550,992
556,343,899
669,368,1037
603,564,1167
788,546,1334
857,135,992
857,129,986
857,167,1024
857,148,1005
209,154,363
203,195,398
241,218,459
222,227,449
366,286,652
857,170,1027
430,368,798
439,435,874
524,264,788
244,205,449
606,313,919
673,470,1143
417,387,804
625,608,1233
857,129,986
857,167,1024
857,161,1018
857,161,1018
857,148,1005
203,213,416
241,191,432
235,194,429
235,190,425
222,235,457
425,406,831
402,286,688
406,473,879
711,176,887
403,402,805
524,291,815
644,396,1040
640,393,1033
447,499,946
737,864,1601
857,161,1018
857,148,1005
857,153,1010
857,160,1017
857,161,1018
235,203,438
234,188,422
222,214,436
227,243,470
235,185,420
415,326,741
455,405,860
426,412,838
400,507,907
397,345,742
564,303,867
745,238,983
583,223,806
650,547,1197
643,478,1121
857,148,1005
857,186,1043
857,170,1027
857,168,1025
222,228,450
857,186,1043
242,225,467
244,213,457
260,238,498
260,230,490
440,442,882
437,499,936
425,413,838
450,418,868
737,302,1039
442,522,964
651,358,1009
680,707,1387
760,441,1201
656,360,1016
857,148,1005
857,186,1043
857,167,1024
857,161,1018
857,148,1005
222,210,432
260,232,492
241,218,459
235,197,432
222,210,432
430,341,771
409,365,774
422,348,770
444,539,983
586,287,873
579,275,854
422,411,833
603,265,868
777,363,1140
649,609,1258
857,145,1002
857,167,1024
857,148,1005
857,161,1018
857,161,1018
219,175,394
235,190,425
222,223,445
235,205,440
241,208,449
387,296,683
402,355,757
435,409,844
417,375,792
534,281,815
420,324,744
593,348,941
613,285,898
562,281,843
647,695,1342
857,161,1018
857,157,1014
857,186,1043
857,172,1029
260,221,481
235,204,439
231,199,430
246,233,479
433,358,791
416,330,746
857,162,1019
596,283,879
411,442,853
236,212,448
568,451,1019
680,485,1165
424,377,801
445,505,950
615,446,1061
743,585,1328
857,161,1018
857,161,1018
857,167,1024
857,148,1005
857,186,1043
235,196,431
235,203,438
222,200,422
260,219,479
241,214,455
408,374,782
412,376,788
431,432,863
426,360,786
670,429,1099
614,596,1210
612,372,984
598,363,961
415,301,716
539,237,776
857,157,1014
857,179,1036
857,186,1043
857,161,1018
857,167,1024
231,244,475
235,182,417
253,280,533
241,210,451
394,354,748
260,222,482
492,675,1167
592,307,899
422,557,979
456,691,1147
913,898,1811
795,738,1533
929,372,1301
434,363,797
601,442,1043
857,148,1005
857,148,1005
857,148,1005
857,161,1018
857,186,1043
222,206,428
235,202,437
222,213,435
260,219,479
222,215,437
418,315,733
414,400,814
425,388,813
427,400,827
553,319,872
431,423,854
638,285,923
661,394,1055
626,552,1178
857,138,995
857,157,1014
857,157,1014
857,161,1018
857,186,1043
212,229,441
235,204,439
260,252,512
231,218,449
231,227,458
464,429,893
416,360,776
439,342,781
430,561,991
441,778,1219
580,405,985
598,516,1114
799,630,1429
1016,868,1884
667,588,1255
857,157,1014
857,148,1005
857,163,1020
857,186,1043
231,198,429
222,222,444
857,167,1024
237,215,452
410,322,732
241,236,477
434,389,823
260,211,471
427,486,913
560,380,940
423,315,738
627,609,1236
448,496,944
553,333,886
724,766,1490
734,704,1438
857,157,1014
857,148,1005
857,168,1025
857,170,1027
857,183,1040
222,171,393
231,215,446
257,186,443
244,204,448
242,235,477
398,346,744
416,343,759
383,424,807
447,504,951
427,627,1054
584,358,942
581,441,1022
865,344,1209
742,923,1665
662,588,1250
857,157,1014
857,133,990
857,160,1017
231,240,471
234,185,419
207,137,344
397,327,724
349,253,602
857,147,1004
491,227,718
565,354,919
221,237,458
449,404,853
642,354,996
857,132,989
857,133,990
857,157,1014
857,186,1043
857,186,1043
207,142,349
206,185,391
231,243,474
260,204,464
260,220,480
354,371,725
397,412,809
455,417,872
416,441,857
432,356,788
609,373,982
594,374,968
655,629,1284
650,715,1365
679,525,1204
857,161,1018
857,138,995
857,161,1018
857,167,1024
857,148,1005
235,204,439
235,205,440
222,194,416
212,245,457
416,395,811
417,336,753
406,457,863
574,203,777
457,513,970
695,418,1113
633,417,1050
241,203,444
751,519,1270
415,418,833
656,721,1377
857,132,989
857,186,1043
857,170,1027
857,167,1024
857,132,989
241,263,504
206,176,382
206,194,400
244,207,451
260,216,476
388,428,816
475,370,845
406,424,830
419,313,732
428,450,878
551,259,810
608,482,1090
688,455,1143
666,447,1113
662,615,1277
857,132,989
857,148,1005
857,138,995
857,160,1017
206,203,409
222,260,482
212,195,407
234,209,443
857,138,995
415,374,789
212,221,433
421,286,707
407,398,805
472,458,930
612,383,995
524,265,789
636,427,1063
696,744,1440
433,407,840
645,620,1265
857,135,992
857,133,990
857,138,995
857,161,1018
857,186,1043
209,143,352
207,158,365
235,194,429
212,197,409
260,245,505
355,299,654
370,356,726
406,370,776
457,327,784
409,520,929
537,301,838
594,307,901
565,430,995
758,360,1118
608,377,985
857,161,1018
857,138,995
857,157,1014
857,161,1018
235,216,451
212,197,409
235,199,434
231,245,476
428,368,796
409,423,832
411,391,802
457,404,861
661,339,1000
629,355,984
857,147,1004
606,443,1049
642,612,1254
221,180,401
392,398,790
636,385,1021
857,148,1005
857,160,1017
857,148,1005
857,161,1018
234,179,413
222,227,449
222,236,458
235,192,427
391,265,656
448,392,840
439,505,944
404,441,845
503,236,739
630,338,968
743,336,1079
679,454,1133
857,186,1043
260,225,485
437,396,833
634,388,1022
857,138,995
857,157,1014
857,167,1024
857,170,1027
212,191,403
244,195,439
231,204,435
241,244,485
403,396,799
456,319,775
416,387,803
407,414,821
557,229,786
634,372,1006
652,335,987
857,148,1005
625,574,1199
222,213,435
425,466,891
704,698,1402
857,146,1003
857,153,1010
857,157,1014
857,186,1043
857,186,1043
220,158,378
227,191,418
260,218,478
231,231,462
260,229,489
370,298,668
430,453,883
536,279,815
441,473,914
443,488,931
711,416,1127
726,431,1157
691,784,1475
403,394,797
632,394,1026
857,148,1005
857,133,990
857,161,1018
857,148,1005
857,156,1013
207,153,360
222,175,397
222,202,424
235,221,456
230,182,412
394,306,700
365,413,778
414,427,841
433,470,903
651,146,797
387,624,1011
544,395,939
665,375,1040
862,234,1096
708,487,1195
857,148,1005
857,148,1005
857,146,1003
220,164,384
217,201,418
222,211,433
222,213,435
222,219,441
425,330,755
376,373,749
413,444,857
431,373,804
423,421,844
611,354,965
568,301,869
682,537,1219
611,704,1315
659,541,1200
857,167,1024
857,161,1018
857,160,1017
857,161,1018
234,159,393
235,209,444
241,221,462
235,214,449
857,129,986
371,292,663
203,198,401
421,354,775
426,392,818
433,451,884
530,313,843
592,308,900
630,413,1043
410,386,796
689,668,1357
624,449,1073
857,133,990
857,129,986
857,147,1004
857,148,1005
857,186,1043
207,141,348
221,198,419
222,177,399
260,238,498
410,355,765
353,363,716
389,435,824
203,221,424
450,569,1019
593,241,834
601,342,943
673,513,1186
807,460,1267
433,384,817
622,442,1064
857,161,1018
857,143,1000
857,132,989
857,161,1018
235,196,431
206,188,394
235,205,440
217,197,414
857,132,989
408,328,736
400,360,760
417,353,770
409,418,827
206,167,373
566,312,878
591,334,925
598,329,927
656,390,1046
379,332,711
570,247,817
857,146,1003
857,161,1018
857,186,1043
857,148,1005
857,161,1018
220,190,410
235,204,439
222,185,407
235,191,426
260,289,549
397,322,719
402,367,769
416,378,794
403,451,854
501,473,974
605,295,900
560,383,943
616,431,1047
689,439,1128
711,617,1328
857,133,990
857,151,1008
857,138,995
857,186,1043
857,167,1024
207,158,365
225,182,407
260,215,475
241,216,457
212,276,488
370,303,673
427,316,743
394,392,786
541,250,791
488,447,935
428,468,896
554,339,893
630,548,1178
685,393,1078
706,714,1420
857,138,995
857,167,1024
857,148,1005
857,148,1005
212,198,410
222,179,401
241,223,464
222,226,448
857,161,1018
235,192,427
391,552,943
438,340,778
410,464,874
435,504,939
404,323,727
790,327,1117
702,328,1030
578,526,1104
561,263,824
742,359,1101
857,138,995
857,157,1014
857,129,986
857,151,1008
857,186,1043
231,199,430
225,201,426
203,191,394
212,218,430
260,260,520
411,347,758
430,450,880
403,371,774
413,529,942
472,558,1030
585,329,914
609,355,964
688,436,1124
767,565,1332
796,646,1442
857,129,986
857,157,1014
857,167,1024
857,132,989
857,186,1043
203,170,373
241,203,444
231,214,445
206,164,370
260,229,489
426,374,800
382,482,864
441,413,854
415,537,952
376,388,764
612,347,959
720,323,1043
651,436,1087
626,373,999
775,481,1256
857,138,995
857,161,1018
857,186,1043
235,199,434
235,186,421
212,189,401
260,246,506
857,157,1014
398,376,774
231,240,471
411,320,731
458,500,958
558,272,830
614,333,947
452,475,927
738,417,1155
713,604,1317
401,553,954
791,271,1062
857,138,995
857,161,1018
857,161,1018
857,161,1018
857,161,1018
212,202,414
235,198,433
235,200,435
235,187,422
235,230,465
412,339,751
442,394,836
399,308,707
414,491,905
410,520,930
729,264,993
577,391,968
632,322,954
546,306,852
758,438,1196
857,151,1008
857,148,1005
857,163,1020
857,148,1005
857,161,1018
225,194,419
235,172,407
237,223,460
222,216,438
406,360,766
384,387,771
222,181,403
428,352,780
435,470,905
598,352,950
708,451,1159
625,493,1118
590,556,1146
393,431,824
669,371,1040
857,104,961
857,133,990
857,148,1005
857,161,1018
178,164,342
207,169,376
222,188,410
235,218,453
857,162,1019
376,437,813
400,315,715
236,258,494
381,358,739
675,315,990
553,344,897
596,297,893
470,474,944
430,375,805
712,903,1615
613,395,1008
857,153,1010
857,148,1005
857,161,1018
857,153,1010
857,148,1005
222,211,433
235,209,444
222,173,395
227,247,474
227,261,488
421,398,819
385,325,710
423,449,872
459,464,923
563,321,884
473,632,1105
687,476,1163
702,567,1269
870,421,1291
636,330,966
857,138,995
857,167,1024
857,172,1029
857,135,992
857,170,1027
212,171,383
244,193,437
241,214,455
246,251,497
426,328,754
209,176,385
463,356,819
405,356,761
383,521,904
566,362,928
594,249,843
388,290,678
594,320,914
528,254,782
759,287,1046
857,170,1027
857,135,992
857,153,1010
857,161,1018
209,156,365
244,215,459
235,194,429
227,251,478
857,161,1018
368,342,710
427,346,773
235,173,408
463,425,888
406,351,757
580,300,880
589,289,878
584,393,977
385,388,773
663,569,1232
626,376,1002
857,153,1010
857,148,1005
857,186,1043
857,161,1018
857,167,1024
222,159,381
235,192,427
260,244,504
227,221,448
241,243,484
371,336,707
404,373,777
455,350,805
433,568,1001
456,449,905
588,166,754
611,339,950
574,422,996
806,383,1189
687,473,1160
857,161,1018
857,138,995
857,170,1027
857,157,1014
857,186,1043
235,169,404
212,231,443
244,220,464
260,227,487
231,231,462
432,354,786
439,402,841
381,550,931
443,487,930
443,502,945
725,379,1104
640,424,1064
788,317,1105
592,353,945
740,524,1264
0,0,0
0,0,0
0,0,0
0,0,0
0,0,0
0,0,0
