prompt_tokens,completion_tokens,total_tokens
1230,113,1343
454,143,597
647,508,1155
1009,243,1252
1120,92,1212
323,103,426
497,486,983
877,228,1105
1119,130,1249
360,145,505
538,337,875
727,262,989
1210,92,1302
413,97,510
581,381,962
862,385,1247
1112,131,1243
354,180,534
566,565,1131
948,294,1242
1216,92,1308
419,136,555
626,577,1203
1064,290,1354
1239,92,1331
442,137,579
650,424,1074
934,204,1138
1214,114,1328
439,145,584
633,230,863
715,284,999
1144,115,1259
370,256,626
674,693,1367
1108,300,1408
1116,111,1227
338,150,488
540,469,1009
856,528,1384
1133,92,1225
336,138,474
545,594,1139
998,413,1411
1212,114,1326
437,166,603
652,442,1094
925,225,1150
1160,130,1290
401,182,583
616,399,1015
830,396,1226
1237,115,1352
463,215,678
726,655,1381
1163,685,1848
1115,115,1230
341,220,561
609,625,1234
1011,302,1313
1168,130,1298
409,215,624
657,716,1373
1155,437,1592
1239,131,1370
481,174,655
687,412,1099
922,494,1416
1131,130,1261
372,186,558
591,237,828
639,166,805
1149,114,1263
374,142,516
565,402,967
822,387,1209
1126,142,1268
379,173,552
573,343,916
740,395,1135
1133,130,1263
374,167,541
574,286,860
690,353,1043
1150,92,1242
353,123,476
547,520,1067
941,273,1214
1119,130,1249
360,162,522
555,582,1137
972,280,1252
1154,130,1284
395,198,593
626,673,1299
1098,312,1410
1114,113,1227
338,133,471
521,264,785
649,135,784
1134,130,1264
375,180,555
588,290,878
695,401,1096
1233,91,1324
435,107,542
614,271,885
775,277,1052
1141,130,1271
382,179,561
594,368,962
780,294,1074
1144,92,1236
347,120,467
538,340,878
755,236,991
1234,115,1349
460,139,599
647,384,1031
889,255,1144
1233,115,1348
459,272,731
779,754,1533
1258,442,1700
1241,147,1388
499,199,698
714,482,1196
994,535,1529
1206,115,1321
432,147,579
627,646,1273
1123,316,1439
1207,113,1320
431,114,545
595,388,983
866,174,1040
1115,148,1263
374,186,560
575,614,1189
1000,576,1576
1142,123,1265
376,201,577
617,486,1103
899,451,1350
1151,115,1266
377,139,516
564,692,1256
1114,348,1462
1158,130,1288
399,187,586
619,489,1108
918,194,1112
1210,130,1340
451,162,613
646,292,938
773,254,1027
1118,130,1248
359,173,532
565,372,937
761,314,1075
1154,114,1268
379,164,543
592,504,1096
929,195,1124
1129,115,1244
355,138,493
541,383,924
783,356,1139
1146,130,1276
387,163,550
583,602,1185
1019,354,1373
1237,171,1408
519,178,697
689,395,1084
903,383,1286
1146,130,1276
387,170,557
590,325,915
742,272,1014
1147,96,1243
354,128,482
549,294,843
712,169,881
1231,109,1340
451,211,662
716,674,1390
1176,621,1797
1210,113,1323
434,264,698
748,778,1526
1259,245,1504
1150,92,1242
353,119,472
543,411,954
832,182,1014
1112,111,1223
334,153,487
539,413,952
796,432,1228
1212,92,1304
415,162,577
648,290,938
773,182,955
1111,114,1225
336,142,478
527,434,961
816,213,1029
1114,92,1206
317,142,459
530,559,1089
944,307,1251
1113,115,1228
339,138,477
525,632,1157
1016,316,1332
1154,95,1249
360,113,473
541,376,917
801,408,1209
1115,115,1230
341,183,524
572,700,1272
1086,390,1476
1119,112,1231
342,115,457
508,498,1006
888,273,1161
1128,130,1258
369,156,525
558,394,952
793,275,1068
1118,115,1233
344,151,495
543,285,828
674,180,854
1111,130,1241
352,135,487
520,350,870
732,383,1115
1140,115,1255
366,134,500
548,275,823
686,217,903
1123,130,1253
364,154,518
551,699,1250
1093,315,1408
1128,130,1258
369,143,512
545,548,1093
947,253,1200
1120,130,1250
361,154,515
548,473,1021
864,131,995
1241,114,1355
466,171,637
686,388,1074
900,369,1269
1136,92,1228
339,128,467
538,381,919
788,254,1042
1134,130,1264
375,176,551
584,299,883
704,202,906
1240,147,1387
498,188,686
702,298,1000
809,258,1067
1168,130,1298
409,205,614
647,415,1062
854,349,1203
1122,114,1236
347,142,489
538,247,785
640,183,823
1156,130,1286
397,186,583
616,285,901
712,261,973
1115,131,1246
357,183,540
572,399,971
785,280,1065
1111,108,1219
330,127,457
512,474,986
856,193,1049
1112,147,1259
370,190,560
576,292,868
675,269,944
1235,148,1383
494,206,700
715,704,1419
1210,289,1499
1235,92,1327
438,102,540
611,893,1504
1399,630,2029
1127,92,1219
330,153,483
554,560,1114
958,222,1180
1208,130,1338
449,164,613
646,315,961
794,276,1070
1137,92,1229
340,129,469
540,493,1033
901,266,1167
1160,130,1290
401,187,588
621,905,1526
1336,543,1879
1206,115,1321
432,127,559
607,936,1543
1413,501,1914
1161,130,1291
402,142,544
577,796,1373
1228,509,1737
1164,114,1278
389,165,554
603,395,998
830,349,1179
1141,130,1271
382,164,546
579,297,876
709,319,1028
1220,92,1312
423,128,551
622,573,1195
1064,299,1363
1160,130,1290
401,180,581
614,444,1058
875,534,1409
1113,115,1228
339,143,482
530,597,1127
981,6,987
1133,130,1263
374,189,563
596,731,1327
1135,423,1558
1160,130,1290
401,192,593
626,632,1258
1063,436,1499
1238,131,1369
480,188,668
700,448,1148
957,244,1201
1113,108,1221
332,150,482
537,305,842
689,245,934
1147,114,1261
372,139,511
560,346,906
764,293,1057
1127,114,1241
352,158,510
559,570,1129
968,299,1267
1127,130,1257
368,198,566
599,433,1032
831,140,971
1134,130,1264
375,175,550
583,447,1030
852,420,1272
1117,123,1240
351,228,579
619,525,1144
913,176,1089
1243,114,1357
468,164,632
681,408,1089
922,228,1150
1112,114,1226
337,146,483
532,549,1081
932,271,1203
1203,129,1332
443,162,605
639,832,1471
1306,296,1602
1117,108,1225
336,126,462
517,302,819
690,290,980
1154,130,1284
395,163,558
591,626,1217
1051,341,1392
1145,92,1237
348,102,450
521,248,769
664,226,890
1137,114,1251
362,148,510
559,485,1044
893,303,1196
1111,114,1225
336,137,473
522,635,1157
1017,291,1308
1208,148,1356
467,198,665
680,641,1321
1120,339,1459
1115,113,1228
339,144,483
533,339,872
725,346,1071
1124,131,1255
366,149,515
547,546,1093
941,524,1465
1127,114,1241
352,161,513
562,361,923
759,383,1142
1127,114,1241
352,180,532
581,661,1242
1059,353,1412
1113,149,1262
373,168,541
555,342,897
726,268,994
1122,114,1236
347,154,501
550,562,1112
955,185,1140
1114,92,1206
317,102,419
490,487,977
872,240,1112
1118,92,1210
321,97,418
489,544,1033
933,194,1127
1211,188,1399
510,256,766
741,229,970
711,177,888
1212,130,1342
453,177,630
663,545,1208
1028,261,1289
1113,115,1228
339,141,480
528,303,831
687,290,977
1111,131,1242
353,178,531
563,252,815
634,186,820
1239,130,1369
480,170,650
683,522,1205
1032,225,1257
1119,130,1249
360,156,516
549,272,821
662,288,950
1137,92,1229
340,105,445
516,441,957
849,146,995
1141,114,1255
366,172,538
587,531,1118
943,326,1269
1116,131,1247
358,167,525
557,379,936
766,370,1136
1216,92,1308
419,110,529
600,497,1097
984,186,1170
1161,130,1291
402,164,566
599,334,933
766,255,1021
1117,128,1245
356,213,569
604,880,1484
1268,442,1710
1204,111,1315
426,123,549
601,532,1133
1007,332,1339
1168,114,1282
393,147,540
589,581,1170
1020,633,1653
1154,145,1299
410,219,629
647,702,1349
1127,356,1483
1213,114,1327
438,152,590
639,283,922
767,192,959
1138,92,1230
341,108,449
520,559,1079
968,240,1208
1161,130,1291
402,175,577
610,625,1235
1057,521,1578
1123,114,1237
348,156,504
553,598,1151
992,260,1252
1243,156,1399
510,270,780
787,531,1318
1045,305,1350
1214,114,1328
439,158,597
646,386,1032
871,370,1241
1144,92,1236
347,103,450
521,429,950
844,232,1076
1138,92,1230
341,98,439
510,541,1051
950,293,1243
1113,131,1244
355,191,546
578,410,988
794,205,999
1110,92,1202
313,100,413
484,429,913
810,146,956
1111,114,1225
336,126,462
511,400,911
782,388,1170
1164,114,1278
389,175,564
613,511,1124
946,236,1182
1115,108,1223
334,147,481
536,791,1327
1177,354,1531
1237,113,1350
461,233,694
744,787,1531
1295,435,1730
1120,92,1212
323,93,416
487,227,714
618,213,831
1110,95,1205
316,176,492
560,897,1457
1278,377,1655
1141,92,1233
344,103,447
518,427,945
839,171,1010
1147,130,1277
388,177,565
598,637,1235
1055,160,1215
