prompt_tokens,completion_tokens,total_tokens
1052,137,1189
1052,191,1243
353,240,593
560,751,1311
989,976,1965
1047,138,1185
295,159,454
474,622,1096
855,815,1670
1070,109,1179
289,129,418
467,635,1102
891,581,1472
1049,137,1186
296,123,419
440,756,1196
992,718,1710
1071,138,1209
319,198,517
537,671,1208
929,934,1863
1054,109,1163
273,115,388
437,499,936
739,762,1501
1080,158,1238
348,224,572
572,468,1040
734,588,1322
1069,140,1209
319,270,589
607,507,1114
762,490,1252
1054,155,1209
319,162,481
484,1079,1563
1320,1148,2468
1068,167,1235
345,169,514
505,1150,1655
1405,1227,2632
1074,113,1187
297,151,448
493,410,903
670,634,1304
1052,160,1212
322,145,467
465,540,1005
778,487,1265
1072,202,1274
384,239,623
579,675,1254
933,1171,2104
1064,155,1219
329,195,524
527,574,1101
824,761,1585
1048,138,1186
296,146,442
462,590,1052
824,929,1753
1040,109,1149
259,160,419
468,601,1069
827,687,1514
1068,140,1208
318,156,474
492,819,1311
1073,863,1936
1038,137,1175
285,174,459
480,641,1121
865,641,1506
1046,191,1237
347,229,576
543,909,1452
1141,1168,2309
1085,113,1198
308,177,485
530,668,1198
940,903,1843
1074,163,1237
347,231,578
573,778,1351
1038,754,1792
1067,109,1176
286,113,399
448,661,1109
915,812,1727
1060,142,1202
312,198,510
526,806,1332
1052,859,1911
1064,109,1173
283,144,427
476,629,1105
880,840,1720
1068,113,1181
291,174,465
510,579,1089
833,767,1600
1064,166,1230
340,174,514
506,698,1204
948,812,1760
1057,138,1195
305,143,448
468,607,1075
851,1043,1894
1063,138,1201
311,180,491
511,637,1148
886,759,1645
1069,166,1235
345,142,487
479,632,1111
887,1068,1955
1059,148,1207
317,156,473
483,634,1117
879,592,1471
1064,160,1224
334,217,551
549,782,1331
1032,885,1917
1062,138,1200
310,188,498
518,559,1077
807,609,1416
1060,109,1169
279,146,425
474,590,1064
837,817,1654
1074,113,1187
297,119,416
461,679,1140
940,702,1642
1054,173,1227
337,232,569
554,706,1260
946,938,1884
1046,138,1184
294,167,461
481,701,1182
933,786,1719
1068,191,1259
369,202,571
538,883,1421
1138,873,2011
1074,184,1258
368,215,583
557,904,1461
1164,881,2045
1085,113,1198
308,161,469
514,660,1174
932,964,1896
1069,113,1182
292,163,455
500,445,945
700,645,1345
1066,188,1254
364,213,577
547,742,1289
994,1127,2121
1053,138,1191
301,174,475
495,606,1101
846,792,1638
1079,105,1184
294,147,441
494,658,1152
923,888,1811
1038,138,1176
286,169,455
475,630,1105
854,738,1592
1080,158,1238
348,247,595
595,712,1307
978,979,1957
1060,169,1229
339,187,526
515,737,1252
983,1512,2495
1059,178,1237
347,238,585
565,663,1228
908,955,1863
1069,142,1211
321,153,474
490,597,1087
852,889,1741
1046,138,1184
294,168,462
482,573,1055
805,801,1606
1062,127,1189
299,148,447
478,571,1049
820,833,1653
1070,109,1179
289,131,420
469,549,1018
806,1003,1809
1068,215,1283
393,285,678
621,853,1474
1107,1047,2154
1060,161,1221
331,195,526
523,604,1127
850,983,1833
1077,210,1287
397,232,629
577,815,1392
1078,1230,2308
1051,156,1207
317,157,474
476,602,1078
839,895,1734
1059,161,1220
330,241,571
568,505,1073
750,519,1269
1050,156,1206
316,163,479
481,602,1083
839,883,1722
1045,124,1169
279,189,468
502,657,1159
889,812,1701
1067,170,1237
347,196,543
531,623,1154
876,812,1688
1060,188,1248
358,185,543
513,710,1223
956,1269,2225
1058,113,1171
281,171,452
497,536,1033
780,545,1325
1058,156,1214
324,163,487
489,611,1100
855,790,1645
1071,164,1235
345,156,501
495,1036,1531
1294,965,2259
1070,113,1183
293,121,414
459,551,1010
807,724,1531
1058,149,1207
317,192,509
518,870,1388
1114,1006,2120
1053,167,1220
330,185,515
506,785,1291
1053,202,1255
365,238,603
559,609,1168
848,1075,1923
1091,158,1249
359,152,511
511,737,1248
1014,732,1746
1053,138,1191
301,116,417
437,672,1109
912,620,1532
1060,113,1173
283,183,466
511,721,1232
968,736,1704
1079,242,1321
431,274,705
621,854,1475
1119,791,1910
1056,109,1165
275,123,398
447,562,1009
805,913,1718
1066,167,1233
343,216,559
550,1357,1907
1610,1334,2944
1055,142,1197
307,152,459
475,681,1156
922,636,1558
1059,187,1246
356,227,583
554,732,1286
977,919,1896
1053,138,1191
301,175,476
496,601,1097
841,619,1460
1067,109,1176
286,105,391
440,545,985
798,1095,1893
1052,167,1219
329,203,532
523,644,1167
882,934,1816
1075,113,1188
298,177,475
520,703,1223
964,1052,2016
1049,113,1162
272,131,403
448,720,1168
955,923,1878
1076,113,1189
299,179,478
523,582,1105
845,1497,2342
1098,109,1207
317,135,452
501,532,1033
816,851,1667
1074,138,1212
322,192,514
534,642,1176
902,1140,2042
1074,128,1202
312,158,470
500,672,1172
932,879,1811
1054,137,1191
301,193,494
515,689,1204
929,905,1834
1064,170,1234
344,233,577
565,722,1287
972,926,1898
1060,179,1239
349,221,570
549,817,1366
1064,886,1950
1056,109,1165
275,129,404
453,487,940
730,733,1463
1064,210,1274
384,208,592
540,713,1253
963,906,1869
1079,175,1254
364,263,627
610,660,1270
925,1102,2027
1054,137,1191
301,144,445
466,549,1015
789,854,1643
1048,142,1190
300,152,452
468,553,1021
787,887,1674
1074,158,1232
342,152,494
494,1073,1567
1334,1033,2367
1046,191,1237
347,246,593
560,672,1232
904,918,1822
1057,138,1195
305,169,474
494,678,1172
921,627,1548
1066,170,1236
346,200,546
534,695,1229
947,853,1800
1055,200,1255
365,218,583
541,517,1058
758,933,1691
1066,189,1255
365,246,611
580,811,1391
1063,1111,2174
1063,113,1176
286,158,444
489,751,1240
1000,714,1714
1049,113,1162
272,116,388
433,489,922
725,943,1668
1051,138,1189
299,170,469
489,618,1107
855,783,1638
1067,188,1255
365,174,539
509,866,1375
1119,968,2087
1063,175,1238
348,258,606
589,786,1375
1035,697,1732
1061,178,1239
349,236,585
565,629,1194
876,670,1546
1060,182,1242
352,238,590
566,673,1239
919,1030,1949
1050,175,1225
335,207,542
525,531,1056
768,691,1459
1060,137,1197
307,152,459
480,578,1058
825,909,1734
1076,113,1189
299,164,463
508,548,1056
810,882,1692
1065,166,1231
341,223,564
556,972,1528
1224,1854,3078
1069,191,1260
370,204,574
541,633,1174
888,555,1443
1078,109,1187
297,138,435
484,498,982
763,786,1549
1077,104,1181
291,156,447
501,512,1013
775,719,1494
1069,164,1233
343,210,553
547,691,1238
947,914,1861
1055,138,1193
303,178,481
501,584,1085
825,515,1340
1053,138,1191
301,175,476
496,712,1208
952,697,1649
1072,180,1252
362,254,616
594,510,1104
768,552,1320
1079,164,1243
353,260,613
607,776,1383
1041,962,2003
1070,109,1179
289,118,407
456,1090,1546
1347,1080,2427
1061,109,1170
280,174,454
503,708,1211
955,743,1698
1097,128,1225
335,177,512
542,689,1231
972,947,1919
1062,113,1175
285,105,390
435,618,1053
866,701,1567
1094,162,1256
366,144,510
506,806,1312
1087,791,1878
1074,138,1212
322,133,455
475,559,1034
820,971,1791
1066,133,1199
309,182,491
516,674,1190
926,870,1796
1056,163,1219
329,158,487
482,543,1025
785,745,1530
1045,151,1196
306,205,511
518,548,1066
779,812,1591
1077,113,1190
300,161,461
506,611,1117
874,1163,2037
1077,209,1286
396,212,608
557,499,1056
762,980,1742
1080,136,1216
326,191,517
539,618,1157
885,787,1672
1066,170,1236
346,166,512
500,654,1154
906,763,1669
1075,127,1202
312,185,497
528,683,1211
944,638,1582
1079,109,1188
298,134,432
481,833,1314
1098,787,1885
1055,142,1197
307,206,513
529,590,1119
831,648,1479
1054,137,1191
301,118,419
440,573,1013
813,915,1728
1072,167,1239
349,225,574
565,740,1305
999,1009,2008
1088,113,1201
311,142,453
498,626,1124
900,607,1507
1069,166,1235
345,144,489
481,675,1156
930,622,1552
1052,140,1192
302,194,496
514,491,1005
729,532,1261
1058,138,1196
306,167,473
493,519,1012
763,505,1268
1040,151,1191
301,191,492
499,660,1159
886,659,1545
1063,133,1196
306,180,486
511,689,1200
938,808,1746
1038,113,1151
261,110,371
416,489,905
714,844,1558
1062,142,1204
314,187,501
517,790,1307
1038,804,1842
1049,140,1189
299,160,459
477,690,1167
925,762,1687
1069,139,1208
318,190,508
527,615,1142
871,798,1669
1060,180,1240
350,241,591
569,909,1478
1155,1254,2409
1098,138,1236
346,134,480
500,494,994
778,588,1366
1088,193,1281
391,229,620
585,861,1446
1135,1096,2231
1065,184,1249
359,254,613
587,1000,1587
1252,2147,3399
1057,128,1185
295,161,456
486,471,957
714,573,1287
1070,113,1183
293,144,437
482,545,1027
802,946,1748
1068,167,1235
345,217,562
553,585,1138
839,897,1736
1059,167,1226
336,232,568
559,446,1005
692,1264,1956
1063,160,1223
333,273,606
604,732,1336
981,1351,2332
1048,191,1239
349,209,558
525,819,1344
1054,756,1810
1068,175,1243
353,375,728
711,493,1204
747,494,1241
1054,163,1217
327,246,573
568,556,1124
796,1000,1796
1063,169,1232
342,226,568
557,639,1196
888,1115,2003
1065,184,1249
359,246,605
579,622,1201
873,696,1569
1068,171,1239
349,188,537
524,608,1132
863,1013,1876
1046,218,1264
374,248,622
562,681,1243
913,1021,1934
1070,113,1183
293,164,457
502,680,1182
936,856,1792
1064,261,1325
435,256,691
588,698,1286
948,1040,1988
1072,175,1247
357,188,545
528,558,1086
816,926,1742
1060,113,1173
283,117,400
445,648,1093
895,609,1504
1058,174,1232
342,280,622
606,731,1337
975,750,1725
1051,138,1189
299,144,443
463,553,1016
791,869,1660
1072,186,1258
368,293,661
633,651,1284
910,1107,2017
1066,109,1175
285,109,394
443,648,1091
901,734,1635
1064,167,1231
341,206,547
538,606,1144
856,585,1441
1074,113,1187
297,113,410
455,605,1060
865,606,1471
1076,162,1238
348,234,582
578,641,1219
903,738,1641
1045,158,1203
313,208,521
521,715,1236
946,692,1638
1064,109,1173
283,153,436
485,602,1087
852,921,1773
1066,109,1175
285,160,445
494,787,1281
1040,990,2030
1065,170,1235
345,206,551
539,655,1194
906,707,1613
1068,113,1181
291,161,452
497,790,1287
1044,737,1781
1060,218,1278
388,237,625
565,581,1146
827,931,1758
1074,215,1289
399,265,664
607,505,1112
765,709,1474
1070,109,1179
289,150,439
488,519,1007
775,640,1415
1080,138,1218
328,172,500
520,728,1248
994,931,1925
1060,167,1227
337,243,580
571,500,1071
746,483,1229
1051,138,1189
299,170,469
489,693,1182
930,724,1654
1067,142,1209
319,169,488
504,599,1103
853,742,1595
1067,109,1176
286,151,437
486,460,946
713,609,1322
1077,113,1190
300,165,465
510,701,1211
964,876,1840
1060,157,1217
327,195,522
523,562,1085
808,753,1561
1058,208,1266
376,234,610
560,573,1133
817,769,1586
1070,113,1183
293,169,462
507,565,1072
821,833,1654
1065,164,1229
339,403,742
736,790,1526
1041,765,1806
1077,113,1190
300,115,415
460,693,1153
956,837,1793
1064,142,1206
316,145,461
477,552,1029
802,888,1690
1070,109,1179
289,155,444
493,683,1176
939,682,1621
1085,113,1198
308,182,490
535,648,1183
919,808,1727
1059,209,1268
378,230,608
557,597,1154
842,743,1585
1057,104,1161
271,137,408
462,658,1120
901,742,1643
1058,113,1171
281,132,413
458,748,1206
992,780,1772
1051,142,1193
303,180,483
499,554,1053
791,649,1440
1054,159,1213
323,218,541
540,509,1049
749,430,1179
1060,166,1226
336,203,539
531,739,1270
985,1951,2936
1054,165,1219
329,199,528
521,648,1169
888,1207,2095
1058,142,1200
310,153,463
479,647,1126
891,960,1851
1088,113,1201
311,166,477
522,719,1241
993,891,1884
1075,156,1231
341,220,561
563,685,1248
947,880,1827
1059,158,1217
327,174,501
501,497,998
742,778,1520
1055,142,1197
307,193,500
516,707,1223
948,1018,1966
1057,113,1170
280,163,443
488,614,1102
857,803,1660
1068,113,1181
291,162,453
498,688,1186
942,852,1794
1087,140,1227
337,364,701
719,425,1144
698,324,1022
1060,133,1193
303,125,428
453,594,1047
841,1187,2028
1070,166,1236
346,147,493
485,710,1195
966,1126,2092
1045,197,1242
352,166,518
479,792,1271
1024,744,1768
1080,220,1300
410,206,616
554,1103,1657
1369,1124,2493
1080,142,1222
332,133,465
481,586,1067
853,866,1719
1052,147,1199
309,192,501
512,626,1138
864,959,1823
1075,142,1217
327,155,482
498,656,1154
917,664,1581
1048,209,1257
367,238,605
554,913,1467
1148,834,1982
1059,159,1218
328,232,560
559,618,1177
863,679,1542
1046,133,1179
289,178,467
492,628,1120
861,754,1615
1060,155,1215
325,186,511
514,665,1179
911,1218,2129
1069,191,1260
370,217,587
554,1089,1643
1344,1317,2661
1049,158,1207
317,199,516
516,1243,1759
1479,1200,2679
1075,113,1188
298,175,473
518,574,1092
836,715,1551
1075,192,1267
377,177,554
520,567,1087
828,919,1747
1072,183,1255
365,285,650
625,510,1135
768,680,1448
1054,142,1196
306,194,500
516,644,1160
884,769,1653
1034,192,1226
336,204,540
506,719,1225
939,1096,2035
1054,109,1163
273,112,385
434,516,950
757,798,1555
1073,191,1264
374,280,654
621,1348,1969
1608,1393,3001
1054,169,1223
333,196,529
518,661,1179
902,1605,2507
1073,113,1186
296,157,453
498,598,1096
858,1076,1934
1058,174,1232
342,225,567
551,772,1323
1016,1054,2070
1084,158,1242
352,136,488
488,591,1079
862,1025,1887
1084,113,1197
307,161,468
513,611,1124
881,916,1797
1078,109,1187
297,149,446
495,522,1017
786,646,1432
1073,109,1182
292,119,411
460,500,960
760,851,1611
1067,113,1180
290,166,456
501,663,1164
916,846,1762
1072,167,1239
349,145,494
485,731,1216
989,726,1715
1056,109,1165
275,106,381
430,796,1226
1039,760,1799
1072,140,1212
322,164,486
504,678,1182
937,1227,2164
1045,113,1158
268,166,434
479,598,1077
829,834,1663
1065,242,1307
417,253,670
586,803,1389
1054,1148,2202
1060,170,1230
340,200,540
528,625,1153
871,786,1657
1061,149,1210
320,226,546
555,722,1277
969,865,1834
1069,191,1260
370,186,556
523,1695,2218
1951,1650,3601
1097,128,1225
335,185,520
550,690,1240
973,900,1873
1085,215,1300
410,227,637
580,603,1183
874,1140,2014
1067,164,1231
341,176,517
511,582,1093
836,1101,1937
1085,113,1198
308,150,458
503,615,1118
886,837,1723
1040,109,1149
259,105,364
413,602,1015
829,914,1743
1073,162,1235
345,238,583
579,746,1325
1005,727,1732
1042,162,1204
314,202,516
512,689,1201
917,803,1720
1075,105,1180
290,162,452
505,616,1121
877,805,1682
1047,138,1185
295,170,465
485,571,1056
804,546,1350
1064,187,1251
361,242,603
574,835,1409
1085,961,2046
1054,109,1163
273,107,380
429,596,1025
836,1119,1955
1071,128,1199
309,171,480
510,644,1154
901,680,1581
1046,224,1270
380,258,638
572,806,1378
1038,1266,2304
1061,178,1239
349,227,576
556,594,1150
841,616,1457
1076,231,1307
417,255,672
599,682,1281
944,950,1894
1055,242,1297
407,249,656
572,558,1130
799,974,1773
1065,167,1232
342,203,545
536,808,1344
1060,801,1861
1075,156,1231
341,206,547
549,703,1252
965,892,1857
1062,162,1224
334,191,525
521,714,1235
962,883,1845
1054,137,1191
301,125,426
447,697,1144
938,637,1575
1050,138,1188
298,124,422
442,702,1144
938,659,1597
1067,188,1255
365,167,532
502,1068,1570
1321,1017,2338
1074,202,1276
386,245,631
587,582,1169
842,550,1392
1074,113,1187
297,151,448
493,606,1099
867,779,1646
1053,138,1191
301,202,503
523,696,1219
935,739,1674
1093,138,1231
341,125,466
486,702,1188
981,724,1705
1077,113,1190
300,165,465
510,545,1055
808,630,1438
1069,113,1182
292,161,453
498,726,1224
981,699,1680
1056,192,1248
358,203,561
527,750,1277
993,1159,2152
1034,109,1143
253,151,404
453,686,1139
907,868,1775
1075,138,1213
1077,113,1190
300,173,473
518,601,1119
864,677,1541
1069,113,1182
292,122,414
459,600,1059
856,581,1437
1056,113,1169
279,177,456
501,566,1067
808,659,1467
1034,151,1185
295,171,466
473,617,1090
837,697,1534
1075,105,1180
290,157,447
500,633,1133
894,905,1799
1047,109,1156
266,108,374
423,616,1039
850,736,1586
1053,156,1209
319,203,522
524,543,1067
782,683,1465
1062,138,1200
310,174,484
504,615,1119
863,749,1612
1068,140,1208
318,223,541
559,867,1426
1122,838,1960
1070,105,1175
285,158,443
496,579,1075
835,725,1560
1062,113,1175
285,148,433
478,639,1117
887,1087,1974
1058,158,1216
326,294,620
620,727,1347
971,873,1844
1059,169,1228
338,243,581
570,508,1078
753,821,1574
1060,113,1173
283,117,400
445,854,1299
1101,831,1932
1069,113,1182
292,180,472
517,685,1202
940,865,1805
1080,113,1193
303,183,486
531,658,1189
924,629,1553
1042,138,1180
290,175,465
485,580,1065
808,653,1461
1070,133,1203
313,181,494
519,647,1166
904,769,1673
1074,202,1276
386,216,602
558,496,1054
757,843,1600
1038,138,1176
286,124,410
430,431,861
656,428,1084
1070,109,1179
289,129,418
467,1024,1491
1280,1010,2290
1088,109,1197
307,157,464
513,814,1327
1089,1151,2240
1089,109,1198
308,157,465
514,557,1071
832,761,1593
1034,109,1143
253,159,412
461,603,1064
823,585,1408
1052,204,1256
366,250,616
570,703,1273
941,966,1907
1067,109,1176
286,136,422
471,773,1244
1027,708,1735
1057,137,1194
304,137,441
462,602,1064
845,937,1782
1077,113,1190
300,182,482
527,549,1076
812,698,1510
1058,160,1218
328,218,546
544,824,1368
1069,809,1878
1098,109,1207
317,134,451
500,512,1012
796,953,1749
1094,193,1287
397,269,666
631,661,1292
941,843,1784
1074,184,1258
368,213,581
555,668,1223
928,862,1790
1086,113,1199
309,140,449
494,527,1021
799,731,1530
1073,167,1240
350,215,565
556,638,1194
897,716,1613
1065,138,1203
313,188,501
521,618,1139
869,610,1479
1057,142,1199
309,171,480
496,621,1117
865,944,1809
1051,155,1206
316,133,449
452,604,1056
841,857,1698
1076,128,1204
314,190,504
534,606,1140
869,606,1475
1062,128,1190
300,143,443
473,558,1031
806,910,1716
1074,202,1276
386,212,598
554,763,1317
1023,1364,2387
1071,133,1204
314,155,469
494,485,979
742,634,1376
1064,170,1234
344,178,522
510,612,1122
862,759,1621
1077,113,1190
300,126,426
471,660,1131
924,827,1751
1045,164,1209
319,174,493
487,681,1168
913,1048,1961
1063,133,1196
306,165,471
496,558,1054
807,501,1308
1088,113,1201
311,142,453
498,732,1230
1006,1171,2177
1065,142,1207
317,179,496
512,439,951
691,1093,1784
1074,142,1216
326,149,475
491,585,1076
845,630,1475
1055,169,1224
334,253,587
576,1021,1597
1263,945,2208
1056,109,1165
275,112,387
436,632,1068
874,584,1458
1066,109,1175
285,128,413
462,617,1079
869,784,1653
1046,138,1184
294,179,473
493,612,1105
844,781,1625
1069,140,1209
319,167,486
504,697,1201
952,893,1845
1064,160,1224
334,208,542
540,698,1238
948,1024,1972
1056,113,1169
279,174,453
498,650,1148
892,889,1781
1051,175,1226
336,190,526
509,622,1131
859,999,1858
1069,128,1197
307,171,478
508,586,1094
841,787,1628
1046,242,1288
398,264,662
578,505,1083
737,689,1426
1064,261,1325
435,271,706
603,709,1312
959,1098,2057
1093,104,1197
307,144,451
505,529,1034
808,639,1447
1061,109,1170
280,105,385
434,636,1070
884,875,1759
1074,202,1276
386,227,613
569,935,1504
1195,1008,2203
1077,148,1225
335,193,528
538,648,1186
912,808,1720
1085,113,1198
308,186,494
539,775,1314
1047,991,2038
1082,113,1195
305,151,456
501,473,974
741,591,1332
1044,142,1186
296,183,479
495,738,1233
968,736,1704
1056,133,1189
299,117,416
441,598,1039
840,599,1439
1074,215,1289
399,254,653
596,747,1343
1007,849,1856
1066,128,1194
304,169,473
503,706,1209
958,878,1836
1056,104,1160
270,103,373
427,509,936
751,1009,1760
1077,171,1248
358,280,638
625,729,1354
993,1031,2024
1076,180,1256
366,233,599
577,641,1218
903,1074,1977
1080,151,1231
341,227,568
575,697,1272
963,947,1910
1084,156,1240
350,174,524
526,648,1174
918,1014,1932
1072,192,1264
374,218,592
558,874,1432
1132,1217,2349
1055,138,1193
303,142,445
465,645,1110
887,1023,1910
1069,164,1233
343,219,562
556,639,1195
894,637,1531
1050,174,1224
334,269,603
587,614,1201
850,757,1607
1085,113,1198
308,182,490
535,670,1205
942,898,1840
1059,104,1163
273,107,380
434,925,1359
1171,880,2051
1085,142,1227
337,193,530
546,550,1096
822,1579,2401
1065,166,1231
341,208,549
541,639,1180
890,1010,1900
1051,138,1189
299,127,426
446,697,1143
934,891,1825
1064,109,1173
283,155,438
487,757,1244
1007,745,1752
1046,138,1184
294,121,415
435,453,888
685,776,1461
1074,184,1258
368,180,548
522,528,1050
788,670,1458
1070,109,1179
289,110,399
448,504,952
760,1019,1779
1077,137,1214
324,181,505
526,589,1115
853,695,1548
1042,113,1155
265,194,459
504,551,1055
779,577,1356
1068,167,1235
345,155,500
491,510,1001
764,1072,1836
1060,191,1251
361,223,584
551,690,1241
936,1586,2522
1085,113,1198
308,160,468
513,830,1343
1101,1081,2182
1065,184,1249
359,234,593
567,717,1284
968,940,1908
1063,173,1236
346,171,517
502,668,1170
917,1209,2126
1052,140,1192
302,151,453
471,465,936
703,529,1232
1073,105,1178
288,107,395
448,792,1240
1051,818,1869
1060,125,1185
295,150,445
478,862,1340
1108,826,1934
1077,113,1190
300,133,433
478,978,1456
1242,937,2179
1059,133,1192
302,143,445
470,569,1039
814,649,1463
1048,113,1161
271,141,412
457,777,1234
1011,835,1846
1073,167,1240
350,257,607
598,691,1289
951,1048,1999
1078,113,1191
301,168,469
514,650,1164
914,941,1855
1064,170,1234
344,178,522
510,705,1215
955,1243,2198
1063,113,1176
286,136,422
467,818,1285
1067,752,1819
1062,105,1167
277,107,384
437,488,925
737,825,1562
1070,133,1203
313,122,435
460,507,967
763,788,1551
1059,209,1268
378,248,626
575,694,1269
939,960,1899
1064,138,1202
312,183,495
515,619,1134
869,615,1484
1050,138,1188
298,147,445
465,476,941
713,730,1443
1079,109,1188
298,145,443
492,560,1052
826,677,1503
1064,109,1173
283,139,422
471,600,1071
850,1357,2207
1074,109,1183
293,143,436
485,659,1144
919,766,1685
1058,156,1214
324,157,481
483,611,1094
855,1012,1867
1071,162,1233
343,211,554
550,764,1314
1022,1191,2213
1056,109,1165
275,151,426
475,619,1094
861,661,1522
1055,191,1246
356,270,626
1055,191,1246
356,203,559
526,614,1140
855,858,1713
1059,173,1232
342,231,573
558,713,1271
958,796,1754
1071,167,1238
348,174,522
513,697,1210
955,676,1631
1054,113,1167
277,124,401
446,613,1059
854,623,1477
1064,197,1261
371,249,620
581,1019,1600
1270,976,2246
1049,113,1162
272,118,390
435,507,942
742,677,1419
1057,104,1161
271,107,378
432,602,1034
846,560,1406
1064,109,1173
283,139,422
471,609,1080
860,764,1624
1053,105,1158
268,150,418
471,623,1094
862,742,1604
1074,202,1276
386,221,607
563,1116,1679
1377,1081,2458
1065,138,1203
313,173,486
506,602,1108
853,916,1769
1100,193,1293
403,281,684
649,771,1420
1057,865,1922
1067,128,1195
305,177,482
512,636,1148
889,853,1742
1071,140,1211
321,130,451
469,816,1285
1073,822,1895
1046,138,1184
294,136,430
450,553,1003
786,829,1615
1055,109,1164
274,110,384
433,516,949
757,774,1531
1059,105,1164
274,98,372
425,586,1011
832,807,1639
1070,109,1179
289,112,401
450,515,965
772,876,1648
1065,142,1207
317,216,533
549,695,1244
947,846,1793
1069,142,1211
321,189,510
526,631,1157
886,879,1765
1065,167,1232
342,340,682
673,955,1628
1207,2011,3218
1063,113,1176
286,175,461
506,558,1064
808,683,1491
1068,142,1210
320,149,469
485,562,1047
816,908,1724
1062,128,1190
300,163,463
493,656,1149
905,855,1760
1057,137,1194
304,169,473
494,634,1128
877,677,1554
1065,166,1231
341,243,584
576,741,1317
992,1012,2004
1066,140,1206
316,170,486
504,610,1114
862,1193,2055
1070,156,1226
336,169,505
507,557,1064
813,962,1775
1062,109,1171
281,156,437
486,556,1042
804,600,1404
1079,166,1245
355,209,564
556,694,1250
959,794,1753
1087,197,1284
394,279,673
634,660,1294
934,1150,2084
1077,159,1236
346,254,600
599,766,1365
1029,931,1960
1063,156,1219
329,228,557
559,716,1275
965,934,1899
1051,138,1189
299,127,426
446,694,1140
932,652,1584
1062,128,1190
300,176,476
506,619,1125
867,745,1612
1074,157,1231
341,188,529
530,717,1247
978,1270,2248
1085,162,1247
357,374,731
727,698,1425
970,703,1673
1074,138,1212
322,137,459
479,568,1047
828,827,1655
1062,113,1175
285,163,448
493,855,1348
1103,994,2097
1077,188,1265
375,201,576
546,635,1181
898,1163,2061
1040,113,1153
263,127,390
435,1011,1446
1238,965,2203
1071,138,1209
319,192,511
531,614,1145
872,835,1707
1072,138,1210
320,184,504
524,662,1186
920,769,1689
1087,191,1278
388,316,704
671,926,1597
1200,1513,2713
1060,175,1235
345,257,602
585,828,1413
1074,795,1869
1071,109,1180
290,152,442
491,702,1193
959,747,1706
1047,138,1185
295,171,466
486,670,1156
903,759,1662
1059,128,1187
297,166,463
493,718,1211
963,931,1894
1058,138,1196
306,178,484
504,579,1083
823,705,1528
1058,106,1164
274,144,418
470,692,1162
936,665,1601
1091,179,1270
380,188,568
547,557,1104
834,736,1570
1060,166,1226
336,221,557
549,602,1151
848,816,1664
1042,138,1180
290,170,460
480,599,1079
827,667,1494
1057,142,1199
309,215,524
540,671,1211
914,861,1775
1074,184,1258
368,203,571
545,834,1379
1094,891,1985
1059,109,1168
278,110,388
437,822,1259
1067,765,1832
1077,113,1190
300,158,458
503,729,1232
992,897,1889
1073,109,1182
292,129,421
470,818,1288
1077,1009,2086
1072,189,1261
371,248,619
588,890,1478
1148,846,1994
1052,133,1185
295,180,475
500,712,1212
950,786,1736
1077,113,1190
300,173,473
518,733,1251
996,761,1757
1077,113,1190
300,138,438
483,788,1271
1051,849,1900
1067,109,1176
286,134,420
469,506,975
759,637,1396
1067,162,1229
339,178,517
513,667,1180
920,1040,1960
1067,128,1195
305,194,499
529,801,1330
1054,970,2024
1062,127,1189
299,177,476
507,659,1166
907,852,1759
1040,156,1196
306,198,504
506,626,1132
852,858,1710
1059,109,1168
278,120,398
447,694,1141
939,733,1672
1079,167,1246
356,221,577
568,465,1033
731,1240,1971
1059,138,1197
307,155,462
482,584,1066
830,935,1765
1068,140,1208
318,184,502
520,685,1205
939,717,1656
1047,109,1156
266,118,384
433,627,1060
860,689,1549
1076,109,1185
295,155,450
499,726,1225
988,856,1844
1056,180,1236
346,211,557
535,663,1198
905,1093,1998
1062,109,1171
281,168,449
498,518,1016
766,524,1290
1070,170,1240
350,170,520
508,559,1067
815,921,1736
1063,160,1223
333,160,493
491,751,1242
1000,1142,2142
1046,173,1219
329,187,516
501,631,1132
863,818,1681
1061,109,1170
280,154,434
483,623,1106
870,923,1793
1077,113,1190
300,121,421
466,687,1153
950,878,1828
1057,142,1199
309,191,500
516,612,1128
855,823,1678
1050,113,1163
273,123,396
441,578,1019
815,950,1765
1055,171,1226
336,233,569
556,829,1385
1071,1057,2128
1054,137,1191
301,183,484
505,548,1053
789,721,1510
1045,113,1158
268,163,431
476,516,992
748,736,1484
1054,137,1191
301,204,505
526,625,1151
866,775,1641
1051,164,1215
325,189,514
508,959,1467
1196,1078,2274
1052,133,1185
295,182,477
502,554,1056
792,580,1372
1066,166,1232
342,155,497
489,545,1034
797,870,1667
1060,167,1227
337,192,529
520,705,1225
951,783,1734
1072,142,1214
324,180,504
520,595,1115
853,668,1521
1063,113,1176
286,167,453
498,694,1192
943,1070,2013
1072,215,1287
397,262,659
602,837,1439
1095,1402,2497
1058,215,1273
383,248,631
574,763,1337
1008,714,1722
1077,113,1190
300,164,464
509,810,1319
1073,970,2043
1060,144,1204
314,186,500
514,573,1087
819,702,1521
1063,189,1252
362,253,615
584,554,1138
803,744,1547
1063,187,1250
360,188,548
519,1026,1545
1276,961,2237
1045,138,1183
293,174,467
487,645,1132
877,805,1682
1061,142,1203
313,151,464
480,861,1341
1108,994,2102
1055,109,1164
274,113,387
436,729,1165
971,683,1654
1063,191,1254
364,190,554
521,582,1103
832,636,1468
1070,166,1236
346,166,512
504,612,1116
868,923,1791
1067,188,1255
365,182,547
517,801,1318
1054,740,1794
1085,113,1198
308,179,487
532,659,1191
930,802,1732
1058,138,1196
306,183,489
509,429,938
673,473,1146
1073,128,1201
311,173,484
514,503,1017
763,522,1285
1080,222,1302
412,293,705
641,809,1450
1075,1236,2311
1093,167,1260
370,204,574
565,575,1140
854,1086,1940
1046,138,1184
294,143,437
457,794,1251
1027,815,1842
1077,242,1319
429,286,715
631,864,1495
1127,1137,2264
1066,140,1206
316,176,492
510,588,1098
840,581,1421
1074,191,1265
375,238,613
580,626,1206
886,705,1591
1071,159,1230
340,225,565
564,811,1375
1068,1034,2102
1053,133,1186
296,122,418
443,659,1102
899,648,1547
1075,156,1231
341,184,525
527,943,1470
1204,883,2087
1056,137,1193
303,197,500
521,614,1135
856,737,1593
1052,156,1208
318,189,507
509,614,1123
853,590,1443
1077,113,1190
300,165,465
510,660,1170
923,976,1899
1058,165,1223
333,198,531
524,775,1299
1020,945,1965
1085,193,1278
388,180,568
533,737,1270
1009,756,1765
1068,191,1259
369,217,586
553,919,1472
1173,1062,2235
1070,140,1210
320,149,469
487,525,1012
782,814,1596
1058,138,1196
306,170,476
496,644,1140
888,688,1576
1046,138,1184
294,178,472
492,749,1241
982,956,1938
1077,137,1214
324,205,529
550,668,1218
931,812,1743
1061,170,1231
341,186,527
515,746,1261
994,964,1958
1058,105,1163
273,103,376
429,498,927
743,558,1301
1072,109,1181
291,150,441
490,584,1074
842,581,1423
1060,165,1225
335,215,550
543,789,1332
1035,1137,2172
1060,193,1253
363,208,571
536,690,1226
936,1850,2786
1074,179,1253
363,224,587
566,484,1050
744,1023,1767
1078,109,1187
297,150,447
496,583,1079
847,795,1642
1040,138,1178
288,128,416
436,654,1090
881,614,1495
1047,138,1185
295,177,472
492,642,1134
875,1660,2535
1034,109,1143
253,135,388
437,432,869
653,648,1301
1063,169,1232
342,204,546
535,587,1122
837,501,1338
1065,166,1231
341,238,579
571,739,1310
990,951,1941
1057,133,1190
300,133,433
458,552,1010
795,802,1597
1075,193,1268
378,187,565
530,969,1499
1230,927,2157
1066,187,1253
363,270,633
604,821,1425
1073,1330,2403
1064,167,1231
341,232,573
564,1091,1655
1341,1125,2466
1070,140,1210
320,168,488
506,811,1317
1067,999,2066
1049,113,1162
272,117,389
434,604,1038
840,740,1580
1069,133,1202
312,156,468
493,620,1113
875,1095,1970
1052,138,1190
300,184,484
504,636,1140
874,633,1507
1062,138,1200
310,179,489
509,583,1092
832,737,1569
1082,164,1246
356,197,553
547,916,1463
1184,1553,2737
1081,197,1278
388,262,650
611,494,1105
761,541,1302
1052,140,1192
302,152,454
472,520,992
758,1083,1841
1052,138,1190
300,179,479
499,664,1163
902,765,1667
1059,140,1199
309,149,458
476,489,965
735,958,1693
1063,113,1176
286,158,444
489,546,1035
796,731,1527
1047,109,1156
266,109,375
424,805,1229
1039,756,1795
1058,128,1186
296,137,433
463,556,1019
800,683,1483
1085,113,1198
308,166,474
519,695,1214
967,914,1881
1048,113,1161
271,110,381
426,496,922
730,862,1592
1062,105,1167
277,164,441
494,587,1081
835,828,1663
1075,162,1237
347,228,575
571,736,1307
997,743,1740
1053,138,1191
301,143,444
464,556,1020
795,718,1513
1040,156,1196
306,200,506
508,526,1034
752,675,1427
1052,133,1185
295,170,465
490,576,1066
815,1829,2644
1069,147,1216
326,190,516
527,705,1232
960,826,1786
1063,142,1205
315,188,503
519,682,1201
931,737,1668
1045,113,1158
268,177,445
490,567,1057
798,527,1325
1066,142,1208
318,171,489
505,582,1087
834,583,1417
1052,138,1190
300,172,472
492,649,1141
887,652,1539
1051,140,1191
301,207,508
526,1193,1719
1430,1272,2702
1052,138,1190
300,173,473
493,663,1156
901,789,1690
1075,113,1188
298,171,469
514,566,1080
827,569,1396
1066,140,1206
316,170,486
504,564,1068
816,883,1699
1048,128,1176
286,120,406
436,601,1037
836,590,1426
1082,109,1191
301,113,414
463,997,1460
1265,1487,2752
1049,113,1162
272,133,405
450,393,843
628,640,1268
1078,113,1191
301,149,450
495,569,1064
833,735,1568
1098,113,1211
321,169,490
535,750,1285
1034,728,1762
1060,231,1291
401,257,658
585,872,1457
1119,804,1923
1078,113,1191
301,162,463
508,681,1189
945,872,1817
1051,113,1164
274,118,392
437,831,1268
1069,805,1874
