prompt_tokens,completion_tokens,total_tokens
857,129,986
857,143,1000
857,161,1018
857,173,1030
857,186,1043
217,196,413
203,222,425
247,184,431
235,204,439
260,226,486
419,394,813
407,433,840
449,375,824
427,327,754
445,486,931
625,306,931
606,280,886
558,291,849
664,340,1004
717,420,1137
432,327,759
443,332,775
458,351,809
492,405,897
572,474,1046
857,148,1005
857,157,1014
857,161,1018
857,161,1018
857,170,1027
222,209,431
235,200,435
244,209,453
231,238,469
235,228,463
432,330,762
451,322,773
423,385,808
432,347,779
461,393,854
553,315,868
561,371,932
578,268,846
616,302,918
624,352,976
420,304,724
467,350,817
454,355,809
523,414,937
504,403,907
857,132,989
857,138,995
857,155,1012
857,167,1024
857,186,1043
212,192,404
206,210,416
229,189,418
241,216,457
260,255,515
412,301,713
433,403,836
439,403,842
415,462,877
478,393,871
532,343,875
634,397,1031
624,336,960
634,370,1004
693,538,1231
495,386,881
488,401,889
549,454,1003
522,420,942
690,589,1279
857,135,992
857,143,1000
857,148,1005
857,186,1043
857,186,1043
209,149,358
217,167,384
222,170,392
260,227,487
260,232,492
372,310,682
390,339,729
393,346,739
455,301,756
450,346,796
541,232,773
532,229,761
577,310,887
570,362,932
384,265,649
577,386,963
381,267,648
462,355,817
514,409,923
538,452,990
857,132,989
857,153,1010
857,161,1018
857,161,1018
857,186,1043
206,166,372
235,192,427
235,205,440
227,218,445
260,241,501
389,429,818
415,365,780
464,294,758
428,373,801
441,407,848
525,259,784
596,278,874
604,304,908
660,420,1080
638,467,1105
411,290,701
430,325,755
456,348,804
572,455,1027
619,533,1152
857,138,995
857,157,1014
857,161,1018
857,186,1043
857,186,1043
212,200,412
235,197,432
231,226,457
260,222,482
260,243,503
449,291,740
420,331,751
423,448,871
466,398,864
445,441,886
522,253,775
562,289,851
629,303,932
405,288,693
672,421,1093
441,347,788
455,346,801
679,275,954
573,470,1043
427,319,746
857,157,1014
857,151,1008
857,160,1017
857,186,1043
857,186,1043
234,198,432
225,214,439
231,213,444
260,222,482
260,292,552
437,328,765
445,276,721
421,395,816
436,393,829
515,407,922
559,288,847
626,242,868
507,343,850
624,349,973
638,331,969
394,278,672
440,335,775
495,389,884
501,392,893
483,386,869
857,148,1005
857,148,1005
857,157,1014
857,161,1018
857,161,1018
222,179,401
222,205,427
235,206,441
235,219,454
231,273,504
442,392,834
402,473,875
429,416,845
428,495,923
496,474,970
623,260,883
647,249,896
704,439,1143
412,302,714
401,287,688
591,483,1074
705,410,1115
726,600,1326
562,453,1015
752,673,1425
857,148,1005
857,153,1010
857,161,1018
857,170,1027
857,186,1043
235,182,417
222,216,438
244,195,439
260,215,475
227,261,488
418,355,773
438,344,782
439,407,846
405,451,856
484,406,890
575,300,875
586,341,927
638,342,980
682,390,1072
637,487,1124
452,346,798
493,387,880
494,388,882
542,443,985
639,533,1172
857,133,990
857,161,1018
857,161,1018
857,167,1024
857,170,1027
207,150,357
235,172,407
235,204,439
244,205,449
241,213,454
373,337,710
395,347,742
427,386,813
428,427,855
436,428,864
568,208,776
659,161,820
578,307,885
617,240,857
658,313,971
360,237,597
313,197,510
392,290,682
459,357,816
465,350,815
857,129,986
857,138,995
857,151,1008
857,145,1002
857,161,1018
203,185,388
219,174,393
212,191,403
225,180,405
235,174,409
397,317,714
414,365,779
397,355,752
408,434,842
403,455,858
548,234,782
586,248,834
596,264,860
686,312,998
386,270,656
665,393,1058
400,289,689
416,312,728
464,366,830
545,441,986
857,148,1005
857,161,1018
857,161,1018
857,167,1024
235,200,435
235,197,432
222,221,443
222,225,447
241,217,458
420,304,724
448,368,816
423,385,808
444,423,867
440,410,850
616,350,966
535,453,988
599,395,994
654,365,1019
641,421,1062
502,405,907
547,444,991
517,429,946
605,520,1125
573,487,1060
857,149,1006
857,156,1013
857,167,1024
857,161,1018
857,163,1020
223,181,404
235,196,431
241,198,439
230,201,431
237,247,484
421,302,723
419,310,729
424,341,765
404,431,835
470,403,873
533,211,744
541,244,785
572,237,809
363,260,623
662,429,1091
396,289,685
634,421,1055
389,289,678
581,488,1069
573,474,1047
857,129,986
857,135,992
857,151,1008
857,148,1005
857,186,1043
209,202,411
203,221,424
225,201,426
260,221,481
222,294,516
444,377,821
425,394,819
424,452,876
517,424,941
444,494,938
625,333,958
608,348,956
683,404,1087
655,416,1071
725,418,1143
485,387,872
556,469,1025
570,474,1044
500,404,904
568,476,1044
857,161,1018
857,157,1014
235,192,427
231,211,442
857,161,1018
434,374,808
235,204,439
857,145,1002
415,322,737
219,206,425
235,207,442
605,390,995
427,333,760
553,316,869
429,281,710
430,352,782
564,259,823
542,442,984
411,303,714
583,403,986
468,379,847
555,451,1006
512,201,713
353,230,583
857,148,1005
857,161,1018
857,161,1018
857,170,1027
857,161,1018
222,208,430
235,201,436
235,189,424
244,211,455
235,195,430
424,264,688
412,324,736
418,283,701
434,346,780
431,394,825
495,232,727
555,287,842
514,285,799
577,283,860
625,329,954
384,267,651
439,325,764
437,319,756
435,330,765
481,384,865
857,138,995
857,153,1010
857,148,1005
857,186,1043
857,188,1045
222,186,408
212,207,419
227,227,454
262,233,495
260,246,506
409,447,856
450,397,847
430,491,921
456,369,825
469,462,931
722,352,1074
600,361,961
628,391,1019
693,290,983
678,462,1140
504,403,907
442,342,784
513,411,924
543,431,974
614,509,1123
857,133,990
857,148,1005
857,167,1024
857,167,1024
857,186,1043
207,157,364
241,214,455
241,227,468
222,199,421
260,227,487
380,285,665
437,310,747
422,355,777
450,330,780
450,470,920
516,257,773
561,272,833
541,345,886
586,315,901
409,300,709
701,450,1151
424,308,732
467,361,828
497,393,890
602,502,1104
857,151,1008
857,170,1027
857,161,1018
857,179,1036
857,167,1024
225,182,407
235,182,417
244,214,458
253,209,462
241,215,456
405,287,692
437,321,758
405,382,787
432,372,804
438,421,859
518,270,788
552,273,825
613,314,927
652,339,991
422,310,732
603,488,1091
425,310,735
466,365,831
491,393,884
640,543,1183
857,157,1014
857,148,1005
857,157,1014
857,153,1010
857,188,1045
231,191,422
222,214,436
227,202,429
231,231,462
262,230,492
414,416,830
437,411,848
453,358,811
454,439,893
425,395,820
647,329,976
589,301,890
626,338,964
642,355,997
670,386,1056
453,359,812
481,382,863
490,373,863
507,419,926
538,432,970
857,159,1016
857,157,1014
857,167,1024
857,183,1040
857,186,1043
233,200,433
231,204,435
260,228,488
257,255,512
241,289,530
423,361,784
427,361,788
451,320,771
512,408,920
478,518,996
592,285,877
592,385,977
639,306,945
551,409,960
437,323,760
749,448,1197
458,358,816
537,454,991
561,460,1021
600,494,1094
857,138,995
857,148,1005
857,157,1014
857,183,1040
857,186,1043
212,198,410
222,205,427
231,197,428
257,215,472
260,246,506
420,331,751
421,384,805
428,408,836
438,372,810
469,368,837
562,341,903
639,302,941
615,364,979
599,319,918
603,361,964
454,344,798
493,387,880
516,414,930
471,361,832
513,423,936
857,133,990
857,138,995
857,157,1014
857,186,1043
857,186,1043
207,144,351
212,241,453
231,238,469
260,227,487
260,240,500
367,357,724
450,325,775
463,364,827
461,452,913
464,494,958
588,220,808
556,202,758
372,245,617
595,298,893
354,243,597
683,373,1056
725,481,1206
450,349,799
525,437,962
633,531,1164
857,148,1005
857,148,1005
857,161,1018
857,158,1015
857,161,1018
222,199,421
235,196,431
222,214,436
232,204,436
235,238,473
419,322,741
422,365,787
437,445,882
427,479,906
461,567,1028
553,312,865
596,332,928
676,367,1043
710,552,1262
464,361,825
484,364,848
519,409,928
798,646,1444
704,596,1300
798,714,1512
857,132,989
857,161,1018
857,167,1024
857,161,1018
857,186,1043
206,169,375
235,199,434
235,194,429
241,206,447
260,245,505
422,315,737
392,304,696
417,346,763
429,418,847
468,434,902
535,227,762
546,266,812
577,261,838
649,322,971
379,263,642
418,314,732
413,313,726
665,446,1111
474,366,840
598,515,1113
857,132,989
857,148,1005
857,148,1005
857,153,1010
857,160,1017
206,204,410
234,180,414
222,199,421
227,211,438
222,240,462
434,303,737
427,399,826
422,387,809
463,401,864
403,483,886
534,293,827
630,261,891
714,315,1029
618,390,1008
445,333,778
632,529,1161
413,318,731
467,371,838
542,433,975
681,571,1252
857,148,1005
857,148,1005
857,161,1018
857,161,1018
857,186,1043
222,190,412
222,189,411
235,213,448
235,202,437
260,236,496
413,352,765
412,347,759
425,342,767
436,339,775
459,367,826
578,288,866
573,292,865
583,306,889
598,244,842
570,373,943
444,325,769
396,279,675
458,352,810
525,412,937
857,133,990
857,148,1005
857,151,1008
857,161,1018
857,167,1024
207,159,366
222,179,401
235,197,432
225,200,425
241,226,467
382,393,775
420,339,759
402,383,785
449,465,914
570,265,835
614,306,920
417,314,731
696,449,1145
458,354,812
624,235,859
423,374,797
387,270,657
601,509,1110
605,305,910
457,348,805
857,133,990
857,133,990
857,133,990
857,157,1014
857,167,1024
207,162,369
207,164,371
207,163,370
241,199,440
231,224,455
385,257,642
386,289,675
387,378,765
422,381,803
488,189,677
520,196,716
447,462,909
609,219,828
341,215,556
612,280,892
348,237,585
693,319,1012
371,258,629
432,329,761
471,377,848
857,148,1005
857,146,1003
857,161,1018
857,167,1024
857,167,1024
220,160,380
235,201,436
241,205,446
241,216,457
222,266,488
383,339,722
424,328,752
439,299,738
489,441,930
559,195,754
530,272,802
570,319,889
347,227,574
672,294,966
428,330,758
471,363,834
446,347,793
561,318,879
424,315,739
470,361,831
857,133,990
857,148,1005
857,161,1018
857,157,1014
857,170,1027
207,166,373
222,182,404
231,220,451
244,201,445
235,221,456
389,353,742
444,301,745
443,393,836
405,523,928
532,283,815
584,372,956
624,304,928
424,452,876
754,407,1161
435,321,756
524,415,939
456,349,805
683,373,1056
559,455,1014
525,420,945
857,148,1005
857,148,1005
857,156,1013
857,186,1043
857,186,1043
222,187,409
222,180,402
260,220,480
230,183,413
260,237,497
403,369,772
443,314,757
406,333,739
410,458,868
460,371,831
545,275,820
564,248,812
600,369,969
602,297,899
689,334,1023
400,292,692
427,316,743
449,346,795
486,381,867
521,415,936
857,138,995
857,148,1005
857,148,1005
857,151,1008
857,161,1018
222,188,410
225,195,420
235,194,429
212,227,439
222,230,452
417,348,765
411,384,795
418,416,834
450,405,855
453,492,945
579,300,879
615,322,937
636,305,941
647,327,974
723,388,1111
452,355,807
474,370,844
457,341,798
479,386,865
540,441,981
857,135,992
857,138,995
857,167,1024
857,167,1024
857,167,1024
209,162,371
212,190,402
241,207,448
241,215,456
241,222,463
385,279,664
413,371,784
445,353,798
438,386,824
430,422,852
510,226,736
602,329,931
378,259,637
617,398,1015
653,442,1095
481,366,847
550,441,991
584,382,966
594,487,1081
534,433,967
857,138,995
857,148,1005
857,161,1018
857,167,1024
857,186,1043
212,200,412
235,189,424
222,208,430
241,232,473
260,246,506
412,301,713
423,358,781
455,326,781
469,344,813
431,470,901
589,279,868
532,340,872
557,292,849
575,350,925
701,441,1142
431,314,745
492,397,889
444,336,780
502,394,896
593,489,1082
857,133,990
857,132,989
857,148,1005
857,161,1018
857,167,1024
207,159,366
206,182,388
235,181,416
222,189,411
241,204,445
382,317,699
404,229,633
405,346,751
427,385,812
412,428,840
460,223,683
548,264,812
577,339,916
616,282,898
659,308,967
375,255,630
416,304,720
434,322,756
491,377,868
460,360,820
857,148,1005
857,146,1003
857,161,1018
857,155,1012
229,187,416
235,204,439
222,223,445
222,226,448
220,187,407
449,374,823
427,387,814
446,395,841
410,397,807
410,408,818
626,275,901
628,283,911
618,350,968
639,344,983
605,395,1000
427,319,746
435,325,760
502,404,906
496,396,892
547,449,996
857,151,1008
857,149,1006
857,157,1014
857,191,1048
857,186,1043
225,210,435
223,196,419
231,242,473
260,217,477
265,251,516
465,309,774
419,396,815
440,359,799
433,467,900
474,430,904
540,292,832
627,327,954
590,302,892
698,349,1047
661,316,977
444,328,772
454,347,801
479,389,868
468,363,831
501,400,901
857,138,995
857,148,1005
857,148,1005
857,157,1014
857,157,1014
212,184,396
222,204,426
222,234,456
231,224,455
231,259,490
407,329,736
482,288,770
457,341,798
427,422,849
447,515,962
519,286,805
560,375,935
572,308,880
653,490,1143
746,405,1151
438,334,772
460,345,805
527,426,953
557,455,1012
642,568,1210
857,138,995
857,148,1005
857,157,1014
857,167,1024
857,188,1045
212,202,414
231,204,435
241,200,441
222,195,417
262,253,515
425,369,794
423,405,828
418,461,879
476,430,906
427,525,952
600,378,978
636,501,1137
661,407,1068
756,417,1173
692,525,1217
530,416,946
559,453,1012
569,474,1043
653,551,1204
677,584,1261
857,129,986
857,132,989
857,167,1024
857,186,1043
206,164,370
203,176,379
260,206,466
241,236,477
260,221,481
387,298,685
399,370,769
459,294,753
429,335,764
444,358,802
529,294,823
566,257,823
525,296,821
589,335,924
446,334,780
601,585,1186
409,292,701
448,335,783
487,387,874
737,655,1392
857,138,995
857,140,997
857,147,1004
857,186,1043
857,161,1018
214,164,378
212,180,392
221,198,419
260,225,485
235,202,437
387,340,727
403,392,795
425,301,726
421,457,878
448,474,922
571,308,879
532,207,739
623,285,908
688,296,984
359,237,596
460,356,816
437,329,766
705,489,1194
448,346,794
641,547,1188
857,138,995
857,135,992
857,148,1005
857,157,1014
857,186,1043
209,133,342
222,204,426
212,220,432
260,220,480
231,270,501
356,352,708
427,387,814
443,440,883
443,442,885
493,465,958
583,266,849
618,335,953
673,347,1020
418,298,716
671,454,1125
696,410,1106
487,389,876
499,401,900
606,506,1112
562,458,1020
857,138,995
857,161,1018
857,161,1018
857,171,1028
857,148,1005
212,183,395
235,190,425
235,197,432
245,216,461
222,206,428
413,282,695
420,289,709
406,472,878
439,454,893
520,244,764
429,408,837
513,336,849
703,432,1135
639,327,966
396,277,673
685,521,1206
488,377,865
479,371,850
584,489,1073
673,591,1264
857,129,986
857,148,1005
857,157,1014
857,157,1014
857,170,1027
203,199,402
222,186,408
231,221,452
231,227,458
244,230,474
422,340,762
453,347,800
409,393,802
450,428,878
444,446,890
571,311,882
578,373,951
624,359,983
659,344,1003
677,421,1098
463,350,813
525,408,933
511,421,932
496,398,894
573,471,1044
857,138,995
857,138,995
857,157,1014
857,161,1018
857,161,1018
212,202,414
235,194,429
212,214,426
235,195,430
231,227,458
418,352,770
417,368,785
425,390,815
450,355,805
437,445,882
599,225,824
586,297,883
583,353,936
621,363,984
676,343,1019
377,264,641
449,341,790
515,397,912
505,428,933
495,391,886
857,145,1002
857,148,1005
857,151,1008
857,148,1005
219,156,375
222,202,424
225,211,436
222,212,434
857,161,1018
235,189,424
379,368,747
434,436,870
435,442,877
425,490,915
412,308,720
599,273,872
667,375,1042
539,302,841
721,411,1132
425,314,739
673,399,1072
527,429,956
454,354,808
563,462,1025
551,440,991
857,132,989
857,135,992
857,148,1005
857,148,1005
857,167,1024
209,166,375
206,210,416
222,201,423
222,229,451
241,211,452
389,243,632
424,313,737
433,351,784
434,332,766
474,189,663
452,454,906
341,221,562
563,263,826
544,288,832
582,308,890
685,386,1071
415,301,716
440,345,785
460,345,805
538,439,977
857,148,1005
857,148,1005
857,161,1018
857,157,1014
857,170,1027
235,182,417
222,205,427
244,195,439
222,208,430
231,216,447
431,363,794
418,369,787
439,367,806
405,371,776
428,459,887
602,325,927
600,399,999
598,405,1003
594,419,1013
690,476,1166
477,365,842
551,462,1013
557,474,1031
571,467,1038
628,525,1153
857,148,1005
857,157,1014
857,148,1005
857,161,1018
857,186,1043
235,171,406
222,184,406
222,227,449
231,218,449
260,255,515
394,371,765
441,353,794
478,299,777
407,405,812
450,429,879
636,203,839
584,286,870
602,343,945
530,364,894
355,243,598
660,507,1167
438,324,762
495,385,880
516,411,927
659,590,1249
1014,132,1146
1239,164,1403
985,192,1177
1233,203,1436
363,192,555
620,270,890
394,286,680
572,417,989
637,440,1077
1237,172,1409
875,646,1521
653,338,991
805,435,1240
626,261,887
799,360,1159
1259,494,1753
937,486,1423
745,476,1221
640,399,1039
864,467,1331
1093,377,1470
1028,537,1565
1078,601,1679
905,421,1326
1133,640,1773
1045,148,1193
963,163,1126
967,170,1137
1045,169,1214
1018,173,1191
410,219,629
343,252,595
354,251,605
408,257,665
431,267,698
641,436,1077
678,445,1123
630,523,1153
581,503,1084
584,647,1231
840,443,1283
942,500,1442
864,485,1349
828,581,1409
988,441,1429
701,492,1193
840,547,1387
825,528,1353
703,482,1185
894,632,1526
1003,167,1170
1057,168,1225
1019,183,1202
996,198,1194
442,321,763
411,304,715
419,326,745
1035,173,1208
711,450,1161
666,490,1156
387,265,652
425,313,738
744,565,1309
634,386,1020
843,468,1311
860,508,1368
714,460,1174
763,329,1092
996,538,1534
782,514,1296
627,371,998
799,557,1356
869,517,1386
890,574,1464
847,563,1410
1060,154,1214
935,148,1083
1240,164,1404
1072,191,1263
433,241,674
431,242,673
621,288,909
300,312,612
480,286,766
668,439,1107
668,441,1109
613,470,1083
894,480,1374
724,471,1195
875,399,1274
779,372,1151
1094,416,1510
874,660,1534
917,615,1532
754,442,1196
602,408,1010
951,458,1409
1016,706,1722
982,673,1655
1040,138,1178
1045,144,1189
1026,150,1176
968,150,1118
1005,163,1168
393,207,600
395,232,627
406,245,651
335,256,591
385,259,644
599,407,1006
656,427,1083
638,565,1203
590,544,1134
630,556,1186
807,371,1178
846,326,1172
979,446,1425
886,489,1375
935,534,1469
692,415,1107
666,363,1029
781,489,1270
752,538,1290
834,588,1422
1052,148,1200
1028,171,1199
1035,172,1207
1267,172,1439
417,244,661
416,234,650
416,248,664
656,310,966
424,290,714
628,392,1020
943,388,1331
691,441,1132
646,598,1244
662,605,1267
794,447,1241
850,401,1251
1029,472,1501
1004,413,1417
770,491,1261
731,440,1171
740,449,1189
1034,513,1547
1031,379,1410
726,423,1149
1057,155,1212
1007,167,1174
1396,197,1593
1397,199,1596
1392,240,1632
429,261,690
391,320,711
813,323,1136
810,360,1170
849,391,1240
684,476,1160
693,484,1177
1122,442,1564
1149,412,1561
1086,542,1628
865,420,1285
907,571,1478
1178,407,1585
1313,545,1858
1212,483,1695
722,467,1189
1094,448,1542
923,630,1553
1174,511,1685
1007,157,1164
1057,153,1210
1397,151,1548
1396,199,1595
1392,211,1603
427,242,669
765,266,1031
381,273,654
812,288,1100
820,325,1145
646,461,1107
1050,468,1518
665,592,1257
1029,493,1522
1083,571,1654
842,413,1255
1238,425,1663
1264,500,1764
1023,537,1560
715,436,1151
1337,569,1906
1117,470,1587
1192,549,1741
1257,628,1885
1007,167,1174
1396,199,1595
1397,199,1596
1392,215,1607
1057,172,1229
446,252,698
824,307,1131
812,323,1135
813,341,1154
391,250,641
675,437,1112
623,430,1053
1065,524,1589
1085,561,1646
811,403,1214
868,536,1404
1290,493,1783
1104,419,1523
705,450,1155
1331,775,2106
888,580,1468
1180,541,1721
1190,457,1647
1149,511,1660
1466,853,2319
1053,144,1197
1266,187,1453
996,191,1187
1034,198,1232
1014,197,1211
449,315,764
670,358,1028
715,370,1085
990,426,1416
414,283,697
1066,378,1444
404,325,729
940,419,1359
778,301,1079
687,457,1144
630,339,969
827,454,1281
745,501,1246
1053,148,1201
1014,157,1171
996,171,1167
1266,180,1446
1034,198,1232
418,250,668
388,285,673
384,294,678
663,288,951
449,296,745
696,374,1070
665,446,1111
656,460,1116
920,464,1384
669,561,1230
782,328,1110
830,396,1226
988,478,1466
834,673,1507
657,366,1023
1104,696,1800
687,435,1122
826,521,1347
1257,752,2009
982,719,1701
1062,155,1217
1084,167,1251
1240,167,1407
1027,183,1210
1056,193,1249
468,262,730
624,276,900
434,245,679
427,312,739
466,332,798
673,419,1092
712,465,1177
882,508,1390
705,487,1192
855,376,1231
754,812,1566
888,394,1282
923,503,1426
1122,539,1661
733,418,1151
716,432,1148
1242,503,1745
1074,591,1665
854,557,1411
882,546,1428
1262,158,1420
993,171,1164
1019,168,1187
1036,173,1209
1069,191,1260
381,241,622
426,275,701
404,326,730
477,353,830
637,283,920
677,354,1031
600,580,1180
711,531,1242
911,352,1263
788,538,1326
764,273,1037
604,308,912
947,418,1365
924,410,1334
981,421,1402
988,349,1337
706,459,1165
785,465,1250
906,395,1301
1019,168,1187
1036,173,1209
1262,183,1445
993,191,1184
1069,191,1260
426,277,703
404,326,730
662,336,998
401,333,734
477,375,852
679,330,1009
964,447,1411
692,459,1151
711,537,1248
740,334,1074
810,569,1379
826,347,1173
930,454,1384
665,366,1031
1012,394,1406
635,383,1018
1083,811,1894
768,503,1271
758,422,1180
1368,866,2234
1393,159,1552
969,168,1137
1028,173,1201
1069,183,1252
1084,193,1277
354,247,601
769,278,1047
418,285,703
469,336,805
494,356,850
679,393,1072
1037,462,1499
806,543,1349
582,696,1278
771,629,1400
795,395,1190
1229,546,1775
1072,433,1505
1001,545,1546
1039,518,1557
718,438,1156
1235,604,1839
782,561,1343
797,465,1262
924,605,1529
1026,155,1181
1012,167,1179
1018,173,1191
1093,172,1265
1016,178,1194
398,217,615
396,266,662
482,307,789
408,329,737
411,280,691
644,393,1037
609,491,1100
713,505,1218
766,545,1311
662,489,1151
779,341,1120
891,469,1360
897,509,1406
1012,481,1493
648,380,1028
879,464,1343
790,531,1321
822,562,1384
869,524,1393
775,503,1278
1049,158,1207
1038,180,1218
1068,194,1262
1049,193,1242
1014,207,1221
424,263,687
459,284,743
435,260,695
479,318,797
438,320,758
678,447,1125
699,425,1124
664,427,1091
700,484,1184
752,566,1318
848,424,1272
870,400,1270
839,456,1295
872,544,1416
1008,622,1630
745,440,1185
768,471,1239
789,500,1289
853,603,1456
985,675,1660
1014,153,1167
1044,162,1206
983,168,1151
1083,168,1251
974,169,1143
368,202,570
468,259,727
384,235,619
423,297,720
360,281,641
708,367,1075
551,438,989
615,432,1047
707,480,1187
621,406,1027
824,333,1157
795,487,1282
820,432,1252
754,361,1115
898,501,1399
711,371,1082
741,482,1223
630,404,1034
765,529,1294
840,555,1395
1041,157,1198
968,168,1136
1063,171,1234
1016,178,1194
1354,202,1556
353,225,578
415,253,668
411,305,716
451,300,751
559,386,945
773,357,1130
660,600,1260
687,567,1254
729,578,1307
728,438,1166
1077,443,1520
1015,573,1588
957,510,1467
1015,624,1639
701,480,1181
1171,430,1601
821,564,1385
909,616,1525
982,677,1659
1079,462,1541
1037,147,1184
1066,163,1229
1236,173,1409
1092,183,1275
1084,193,1277
401,251,652
492,244,736
626,259,885
446,265,711
494,340,834
702,403,1105
697,476,1173
654,589,1243
790,478,1268
869,331,1200
861,576,1437
1000,420,1420
916,513,1429
936,492,1428
1186,282,1468
718,364,1082
813,300,1113
875,557,1432
871,517,1388
752,451,1203
974,152,1126
974,168,1142
1031,172,1203
1357,220,1577
1103,187,1290
343,217,560
359,225,584
420,257,677
794,373,1167
557,394,951
654,437,1091
565,498,1063
507,323,830
742,304,1046
1096,525,1621
846,372,1218
842,343,1185
573,348,921
1256,489,1745
669,382,1051
641,426,1067
792,655,1447
1141,520,1661
1132,609,1741
1007,651,1658
1098,162,1260
1007,177,1184
1057,183,1240
1014,191,1205
477,267,744
457,285,742
401,319,720
422,356,778
708,365,1073
692,529,1221
731,596,1327
736,512,1248
796,468,1264
910,428,1338
1068,453,1521
900,516,1416
820,514,1334
730,446,1176
846,470,1316
825,560,1385
1012,194,1206
423,301,724
679,480,1159
866,424,1290
731,463,1194
1001,138,1139
932,151,1083
973,168,1141
1011,193,1204
1339,148,1487
300,212,512
356,254,610
358,257,615
704,239,943
421,308,729
510,455,965
596,417,1013
621,551,1172
944,537,1481
761,340,1101
685,626,1311
764,394,1158
1250,374,1624
567,382,949
926,583,1509
662,438,1100
1011,451,1462
1008,387,1395
879,606,1485
757,487,1244
929,158,1087
972,171,1143
1013,181,1194
1084,193,1277
1045,148,1193
360,253,613
304,303,607
411,266,677
494,309,803
410,248,658
591,411,1002
598,436,1034
645,583,1228
759,633,1392
659,685,1344
739,353,1092
757,416,1173
1104,274,1378
970,394,1364
1091,452,1543
577,398,975
614,307,921
683,465,1148
702,429,1131
831,490,1321
1045,169,1214
1033,183,1216
998,193,1191
1056,195,1251
1014,199,1213
431,260,691
468,283,751
433,322,755
408,298,706
671,428,1099
721,398,1119
705,477,1182
662,541,1203
847,394,1241
805,360,1165
913,341,1254
907,628,1535
734,434,1168
688,399,1087
634,377,1011
979,672,1651
1045,169,1214
998,176,1174
1033,183,1216
1014,197,1211
1056,171,1227
431,270,701
391,268,659
433,274,707
428,339,767
444,275,719
673,382,1055
681,530,1211
719,601,1320
697,573,1270
789,407,1196
949,469,1418
1003,661,1664
809,511,1320
735,446,1181
989,526,1515
1012,720,1732
835,567,1402
1056,155,1211
1045,165,1210
1014,178,1192
998,193,1191
428,261,689
427,255,682
408,302,710
409,330,739
666,409,1075
666,429,1095
683,540,1223
710,598,1308
828,400,1228
801,442,1243
970,560,1530
740,439,1179
735,479,1214
911,624,1535
1056,150,1206
1045,165,1210
1014,178,1192
1033,183,1216
998,193,1191
423,252,675
427,278,705
433,297,730
408,304,712
409,325,734
689,467,1156
696,452,1148
668,449,1117
674,581,1255
705,505,1210
821,323,1144
859,337,1196
893,497,1390
1011,625,1636
616,341,957
665,375,1040
886,489,1375
806,535,1341
829,545,1374
976,671,1647
1312,144,1456
1013,152,1165
993,169,1162
1134,159,1293
1060,181,1241
379,244,623
382,268,650
673,277,950
458,243,701
510,306,816
647,495,1142
955,487,1442
669,560,1229
806,519,1325
603,589,1192
1173,350,1523
882,370,1252
994,477,1471
1027,491,1518
956,580,1536
957,365,1322
678,413,1091
832,520,1352
920,518,1438
868,630,1498
1041,146,1187
1050,162,1212
1040,178,1218
1028,181,1209
1070,191,1261
429,285,714
404,303,707
426,305,731
435,281,716
478,363,841
699,409,1108
701,458,1159
710,582,1292
799,505,1304
687,540,1227
882,386,1268
811,541,1352
997,493,1490
731,430,1161
949,606,1555
954,540,1494
864,594,1458
829,538,1367
971,655,1626
875,599,1474
1007,167,1174
1009,171,1180
1012,194,1206
1066,209,1275
391,261,652
397,260,657
423,283,706
492,348,840
634,431,1065
635,447,1082
661,414,1075
800,392,1192
812,457,1269
830,418,1248
780,700,1480
699,436,1135
759,501,1260
1140,456,1596
722,470,1192
817,507,1324
1007,167,1174
1009,175,1184
1240,172,1412
1012,183,1195
1066,193,1259
391,259,650
629,268,897
412,297,709
476,303,779
874,399,1273
632,470,1102
675,515,1190
851,331,1182
1013,539,1552
901,376,1277
633,373,1006
684,412,1096
1075,583,1658
1007,167,1174
1240,172,1412
1012,151,1163
1066,194,1260
1009,175,1184
391,257,648
380,280,660
401,258,659
629,283,912
477,419,896
658,478,1136
630,448,1078
889,656,1545
851,513,1364
633,388,1021
864,446,1310
829,383,1212
953,467,1420
771,367,1138
1270,516,1786
685,411,1096
753,485,1238
671,404,1075
828,501,1329
1051,578,1629
1086,148,1234
1135,168,1303
1238,173,1411
1056,180,1236
1025,173,1198
451,265,716
628,283,911
453,293,746
415,287,702
520,296,816
715,466,1181
678,579,1257
717,700,1417
887,656,1543
797,590,1387
896,469,1365
1160,459,1619
1268,493,1761
978,583,1561
1099,686,1785
840,502,1342
820,513,1333
1026,534,1560
903,639,1542
1116,729,1845
1003,152,1155
1340,144,1484
980,173,1153
1170,182,1352
987,191,1178
370,249,619
372,290,662
701,309,1010
569,293,862
395,297,692
659,385,1044
1015,472,1487
595,547,1142
829,490,1319
650,464,1114
1186,429,1615
1034,447,1481
762,394,1156
901,503,1404
825,576,1401
1064,455,1519
692,430,1122
912,503,1415
779,553,1332
858,614,1472
1015,167,1182
1021,174,1195
1036,173,1209
1067,182,1249
1033,183,1216
399,266,665
426,297,723
412,308,720
433,312,745
466,339,805
699,379,1078
647,518,1165
711,453,1164
695,495,1190
772,618,1390
789,394,1183
907,447,1354
860,444,1304
890,483,1373
725,436,1161
1059,499,1558
757,476,1233
772,488,1260
799,525,1324
862,553,1415
956,148,1104
996,162,1158
1044,183,1227
1058,159,1217
1366,211,1577
434,232,666
321,272,593
444,256,700
375,326,701
794,299,1093
656,443,1099
688,419,1107
666,513,1179
594,589,1183
1031,449,1480
789,503,1292
1189,368,1557
919,396,1315
931,483,1414
875,652,1527
1029,390,1419
794,547,1341
822,533,1355
647,434,1081
1005,698,1703
1000,148,1148
1011,175,1186
1045,169,1214
1013,192,1205
973,173,1146
403,240,643
431,241,672
422,293,715
363,285,648
652,433,1085
617,453,1070
672,434,1106
624,668,1292
838,385,1223
852,468,1320
821,525,1346
1015,490,1505
365,229,594
691,423,1114
808,512,1320
833,574,1407
758,527,1285
595,588,1183
962,458,1420
753,497,1250
1162,184,1346
1358,184,1542
1365,199,1564
1117,163,1280
1042,207,1249
563,281,844
759,344,1103
781,373,1154
497,301,798
466,323,789
809,508,1317
784,430,1214
1068,513,1581
731,477,1208
1104,739,1843
921,442,1363
1044,517,1561
893,443,1336
1245,537,1782
854,490,1344
1478,612,2090
780,502,1282
974,579,1553
1191,567,1758
1273,662,1935
962,148,1110
1025,153,1178
1233,168,1401
1176,175,1351
395,214,609
327,266,593
618,284,902
568,297,865
483,331,814
605,420,1025
594,425,1019
839,573,1412
883,495,1378
761,330,1091
792,572,1364
819,332,1151
587,368,955
1102,487,1589
1123,532,1655
652,361,1013
1041,449,1490
1015,519,1534
1003,579,1582
839,491,1330
1312,144,1456
1003,158,1161
1074,164,1238
1042,162,1204
1079,167,1246
421,228,649
673,248,921
378,257,635
463,259,722
455,319,774
626,392,1018
636,464,1100
926,501,1427
704,562,1266
759,608,1367
769,383,1152
880,397,1277
1187,382,1569
681,417,1098
734,441,1175
989,405,1394
1015,491,1506
1056,409,1465
778,443,1221
865,535,1400
1037,158,1195
988,177,1165
1171,182,1353
971,193,1164
975,175,1150
412,228,640
570,298,868
381,297,678
382,304,686
367,301,668
631,497,1128
835,514,1349
658,545,1203
634,588,1222
642,700,1342
908,498,1406
1059,415,1474
933,393,1326
907,489,1396
881,442,1323
659,417,1076
1049,642,1691
831,555,1386
772,532,1304
912,708,1620
1263,156,1419
1063,162,1225
1054,177,1231
993,191,1184
448,247,695
442,277,719
636,306,942
483,310,793
401,356,757
667,426,1093
706,480,1186
935,462,1397
754,441,1195
715,440,1155
854,497,1351
893,484,1377
1099,501,1600
917,603,1520
846,543,1389
857,517,1374
1059,553,1612
962,662,1624
807,602,1409
890,630,1520
968,150,1118
963,150,1113
1077,155,1232
1074,164,1238
1034,183,1217
330,238,568
449,288,737
455,290,745
335,266,601
434,316,750
567,433,1000
731,379,1110
600,390,990
730,633,1363
716,434,1150
770,350,1120
732,329,1061
830,424,1254
1081,374,1455
842,395,1237
592,365,957
608,387,995
796,468,1264
743,413,1156
724,440,1164
927,157,1084
1111,148,1259
979,164,1143
1043,195,1238
1060,154,1214
476,229,705
301,239,540
360,233,593
431,238,669
455,313,768
664,394,1058
706,458,1164
578,494,1072
532,519,1051
722,432,1154
943,323,1266
820,310,1130
828,362,1190
847,374,1221
849,361,1210
729,357,1086
717,403,1120
648,411,1059
699,400,1099
532,352,884
1025,144,1169
1066,162,1228
974,177,1151
985,191,1176
970,191,1161
386,223,609
445,238,683
378,248,626
368,282,650
393,379,772
614,454,1068
670,481,1151
584,501,1085
622,508,1130
730,513,1243
853,344,1197
845,429,1274
921,489,1410
856,343,1199
872,361,1233
664,377,1041
612,390,1002
694,468,1162
850,543,1393
642,400,1042
1240,171,1411
1353,192,1545
628,281,909
762,380,1142
887,504,1391
1099,500,1599
1118,456,1574
1227,535,1762
991,500,1491
1183,566,1749
952,112,1064
942,117,1059
944,107,1051
948,130,1078
928,101,1029
281,182,463
276,180,456
268,178,446
295,192,487
246,170,416
488,295,783
464,279,743
506,287,793
500,394,894
488,393,881
581,238,819
709,171,880
609,230,839
613,286,899
720,322,1042
408,195,603
461,273,734
473,265,738
525,317,842
569,358,927
929,117,1046
948,117,1065
956,131,1087
945,131,1076
950,116,1066
263,153,416
293,191,484
304,195,499
282,203,485
283,220,503
448,307,755
536,281,817
502,315,817
517,288,805
517,297,814
610,222,832
605,250,855
610,334,944
627,368,995
634,501,1135
465,260,725
495,284,779
558,372,930
619,404,1023
741,539,1280
932,116,1048
935,116,1051
948,117,1065
947,117,1064
943,116,1059
282,166,448
281,169,450
265,187,452
276,180,456
268,227,495
482,244,726
489,235,724
528,257,785
485,294,779
480,349,829
552,228,780
600,200,800
566,210,776
565,323,888
427,240,667
466,263,729
440,240,680
671,439,1110
565,360,925
682,490,1172
941,90,1031
944,112,1056
932,116,1048
940,117,1057
932,107,1039
248,138,386
273,159,432
274,183,457
256,179,435
265,188,453
489,249,738
445,326,771
469,299,768
486,349,835
477,488,965
617,256,873
563,249,812
655,357,1012
641,474,1115
495,289,784
794,362,1156
484,285,769
584,406,990
589,384,973
710,528,1238
932,107,1039
921,117,1038
950,117,1067
942,117,1059
256,155,411
267,179,446
284,182,466
255,195,450
276,203,479
478,328,806
482,334,816
453,493,946
511,413,924
498,413,911
635,262,897
629,366,995
799,350,1149
737,337,1074
490,300,790
729,483,1212
582,403,985
577,397,974
582,380,962
720,524,1244
935,106,1041
937,107,1044
933,116,1049
952,116,1068
943,122,1065
282,180,462
258,215,473
261,221,482
285,217,502
266,224,490
524,241,765
489,265,754
523,283,806
516,329,845
582,251,833
590,227,817
535,332,867
552,425,977
638,385,1023
489,282,771
455,262,717
658,240,898
657,460,1117
487,279,766
615,431,1046
944,107,1051
947,116,1063
937,116,1053
950,117,1067
950,116,1066
268,164,432
284,174,458
270,182,452
280,196,476
283,210,493
474,224,698
509,263,772
490,320,810
485,367,852
542,195,737
526,348,874
644,297,941
584,359,943
678,294,972
434,226,660
672,257,929
542,317,859
526,331,857
502,285,787
601,391,992
954,102,1056
950,112,1062
932,107,1039
944,100,1044
933,116,1049
279,147,426
256,156,412
273,174,447
261,175,436
266,156,422
454,344,798
485,317,802
455,298,753
494,392,886
463,311,774
605,257,862
720,285,1005
650,317,967
635,340,975
485,292,777
534,303,837
544,361,905
585,377,962
635,545,1180
784,588,1372
951,107,1058
932,102,1034
944,117,1061
931,116,1047
930,132,1062
275,162,437
264,190,454
251,203,454
278,198,476
279,204,483
500,268,768
508,301,809
487,359,846
479,421,900
501,373,874
572,251,823
619,262,881
746,269,1015
679,408,1087
664,483,1147
476,290,766
501,298,799
515,305,820
635,451,1086
709,530,1239
947,117,1064
932,116,1048
943,117,1060
945,132,1077
277,130,407
265,176,441
281,206,487
263,203,466
294,207,501
439,292,731
474,321,795
518,276,794
519,316,835
498,358,856
609,282,891
627,228,855
595,206,801
637,265,902
661,391,1052
446,236,682
455,262,717
507,300,807
520,321,841
615,433,1048
928,101,1029
946,112,1058
923,117,1040
959,117,1076
934,117,1051
293,157,450
275,185,460
268,179,447
246,122,368
257,183,440
416,217,633
482,310,792
479,383,862
472,397,869
497,434,931
519,197,716
643,330,973
420,230,650
691,327,1018
694,355,1049
754,300,1054
584,369,953
556,367,923
541,330,871
573,409,982
941,107,1048
929,117,1046
950,116,1066
948,117,1065
932,117,1049
283,179,462
263,184,447
282,181,463
265,232,497
266,186,452
479,243,722
495,301,796
539,276,815
495,332,827
484,317,801
546,228,774
591,277,868
625,315,940
654,333,987
623,300,923
452,262,714
513,317,830
560,350,910
527,333,860
576,370,946
935,117,1052
932,116,1048
937,117,1054
933,116,1049
944,117,1061
266,178,444
269,196,465
278,169,447
271,207,478
265,188,453
479,293,772
486,243,729
497,333,830
477,350,827
510,260,770
611,208,819
549,237,786
657,270,927
571,231,802
642,306,948
447,242,689
464,269,733
463,265,728
498,309,807
536,344,880
944,117,1061
947,117,1064
932,132,1064
934,116,1050
272,182,454
281,183,464
278,198,476
281,193,474
267,183,450
496,320,816
491,339,830
486,448,934
483,366,849
641,263,904
674,338,1012
760,455,1215
505,304,809
645,556,1201
508,477,985
567,382,949
688,516,1204
795,398,1193
783,606,1389
637,447,1084
941,107,1048
944,116,1060
940,117,1057
938,117,1055
934,107,1041
265,183,448
272,175,447
277,193,470
274,203,477
258,204,462
509,211,720
490,308,798
503,305,808
504,252,756
479,376,855
525,193,718
623,255,878
560,209,769
428,224,652
623,265,888
688,327,1015
438,243,681
491,294,785
505,305,810
560,356,916
936,107,1043
934,107,1041
936,107,1043
961,117,1078
924,117,1041
258,154,412
260,177,437
295,182,477
260,201,461
258,196,454
454,264,718
509,273,782
503,285,788
479,305,784
486,354,840
572,258,830
595,309,904
615,237,852
608,363,971
652,356,1008
487,291,778
468,274,742
540,346,886
619,402,1021
575,398,973
951,117,1068
947,116,1063
929,117,1046
935,131,1066
285,151,436
263,170,433
267,186,453
280,208,488
283,237,520
465,260,725
485,280,765
468,353,821
538,264,802
521,361,882
563,221,784
678,256,934
573,284,857
682,369,1051
587,300,887
514,325,839
611,411,1022
445,252,697
502,294,796
528,344,872
939,117,1056
943,117,1060
932,117,1049
947,116,1063
277,154,431
273,163,436
282,192,474
266,205,471
280,203,483
463,278,741
506,254,760
516,270,786
503,296,799
468,419,887
595,291,886
591,264,855
576,257,833
602,344,946
732,281,1013
506,289,795
529,332,861
500,291,791
515,316,831
571,395,966
937,107,1044
933,116,1049
936,117,1053
942,116,1058
943,117,1060
266,183,449
275,184,459
261,198,459
270,188,458
277,203,480
501,266,767
482,302,784
492,306,798
512,304,816
490,267,757
577,221,798
609,272,881
622,255,877
577,213,790
621,270,891
453,257,710
444,242,686
492,301,793
500,314,814
508,315,823
929,102,1031
947,117,1064
932,116,1048
950,116,1066
949,116,1065
248,141,389
281,182,463
283,193,476
265,207,472
282,207,489
522,252,774
505,275,780
495,335,830
509,350,859
656,263,919
674,286,960
505,294,799
531,314,845
581,363,944
436,377,813
575,266,841
590,402,992
680,244,924
510,307,817
468,276,744
947,107,1054
947,116,1063
942,116,1058
942,116,1058
943,117,1060
271,150,421
275,184,459
277,184,461
275,205,480
492,283,775
463,353,816
280,210,490
493,323,816
513,415,928
599,328,927
674,326,1000
640,320,960
523,346,869
731,457,1188
565,362,927
568,360,928
558,356,914
667,429,1096
694,512,1206
671,482,1153
932,102,1034
938,107,1045
951,116,1067
936,117,1053
262,158,420
944,107,1051
251,191,442
270,203,473
284,217,501
268,201,469
462,278,740
489,258,747
534,339,873
511,277,788
505,467,972
564,242,806
590,270,860
595,246,841
469,280,749
664,315,979
503,306,809
777,392,1169
485,280,765
561,329,890
623,436,1059
938,101,1039
931,102,1033
938,116,1054
922,117,1039
938,107,1045
256,115,371
250,135,385
262,187,449
256,207,463
271,184,455
432,351,783
495,284,779
419,420,839
491,287,778
488,297,785
580,261,841
732,324,1056
599,291,890
656,459,1115
478,280,758
609,333,942
524,330,854
557,363,920
686,506,1192
566,374,940
945,117,1062
938,117,1055
945,117,1062
942,131,1073
279,154,433
272,181,453
959,117,1076
279,219,498
290,228,518
293,147,440
536,259,795
530,308,838
485,383,868
472,299,771
465,630,1095
575,269,844
627,268,895
695,211,906
632,399,1031
444,245,689
506,302,808
508,310,818
949,437,1386
653,435,1088
677,462,1139
929,101,1030
939,112,1051
955,116,1071
941,117,1058
938,116,1054
247,137,384
268,148,416
288,190,478
271,172,443
275,183,458
511,255,766
432,348,780
490,267,757
476,305,781
453,405,858
584,269,853
651,262,913
718,218,936
582,313,895
617,300,917
519,296,815
452,244,696
486,304,790
533,334,867
550,350,900
936,116,1052
939,117,1056
925,117,1042
948,137,1085
942,132,1074
269,167,436
273,176,449
259,183,442
302,191,493
291,200,491
481,267,748
505,240,745
508,267,775
469,382,851
474,402,876
562,182,744
580,241,821
583,329,912
692,336,1028
701,373,1074
475,276,751
425,211,636
566,366,932
567,384,951
593,414,1007
940,116,1056
936,107,1043
952,117,1069
948,117,1065
935,116,1051
286,155,441
282,183,465
260,180,440
273,192,465
268,212,480
498,220,718
497,326,823
482,353,835
473,403,876
534,180,714
513,327,840
663,251,914
415,210,625
729,277,1006
648,412,1060
636,390,1026
482,286,768
524,312,836
655,455,1110
620,422,1042
942,107,1049
929,117,1046
930,116,1046
944,117,1061
941,132,1073
266,166,432
263,163,426
278,168,446
263,202,465
290,242,532
474,338,812
478,329,807
498,331,829
549,262,811
647,261,908
629,305,934
654,392,1046
500,305,805
529,347,876
629,435,1064
577,703,1280
939,741,1680
635,4096,4731
4321,4096,8417
931,101,1032
929,117,1046
935,117,1052
937,116,1053
933,116,1049
263,171,434
270,164,434
249,153,402
269,200,469
266,191,457
466,287,753
467,276,743
501,273,774
450,341,791
490,383,873
582,259,841
590,305,895
690,378,1068
587,269,856
646,273,919
489,293,782
529,344,873
501,308,809
499,312,811
606,426,1032
922,116,1038
941,117,1058
953,131,1084
924,117,1041
275,158,433
255,200,455
301,209,510
258,184,442
262,192,454
465,290,755
488,268,756
528,295,823
474,322,796
486,328,814
564,227,791
622,296,918
630,311,941
444,252,696
605,695,1300
544,329,873
534,351,885
620,422,1042
641,465,1106
931,734,1665
935,107,1042
941,90,1031
952,117,1069
947,117,1064
924,117,1041
248,150,398
259,194,453
258,179,437
281,186,467
286,154,440
457,317,774
472,274,746
469,281,750
495,246,741
499,470,969
579,261,840
600,276,876
555,351,906
632,539,1171
480,308,788
523,319,842
791,423,1214
581,382,963
665,474,1139
775,585,1360
942,106,1048
942,116,1058
939,117,1056
941,107,1048
947,117,1064
265,175,440
273,168,441
275,197,472
281,207,488
265,185,450
483,267,750
505,280,785
520,269,789
473,364,837
492,380,872
590,226,816
596,224,820
677,206,883
583,343,926
461,260,721
695,475,1170
440,221,661
468,260,728
580,376,956
711,518,1229
931,116,1047
962,117,1079
931,117,1048
942,116,1058
268,179,447
264,195,459
265,185,450
296,186,482
275,189,464
479,218,697
497,262,759
492,363,855
482,325,807
526,201,727
514,312,826
630,224,854
430,234,664
450,258,708
578,277,855
648,391,1039
648,434,1082
514,310,824
668,3734,4402
3960,3893,7853
928,107,1035
952,117,1069
951,107,1058
931,117,1048
278,172,450
275,178,453
252,204,456
265,186,451
286,165,451
483,243,726
495,293,788
483,332,815
548,215,763
618,320,938
441,246,687
658,281,939
498,276,774
566,358,924
528,324,852
482,355,837
578,267,845
673,355,1028
490,313,803
594,400,994
940,107,1047
947,116,1063
954,116,1070
932,117,1049
933,117,1050
287,177,464
280,178,458
266,185,451
267,186,453
264,152,416
483,275,758
485,312,797
497,331,828
491,358,849
458,314,772
581,244,825
659,289,948
619,313,932
679,375,1054
471,282,753
628,331,959
538,326,864
541,351,892
617,414,1031
566,370,936
941,92,1033
936,107,1043
943,117,1060
929,115,1044
948,116,1064
250,161,411
261,173,434
277,184,461
281,191,472
468,233,701
468,271,739
493,299,792
490,317,807
505,306,811
536,216,752
586,248,834
628,269,897
616,278,894
627,247,874
440,247,687
484,283,767
512,302,814
478,289,767
516,320,836
935,107,1042
928,102,1030
945,117,1062
247,180,427
259,186,445
281,175,456
276,190,466
487,237,724
489,297,786
499,302,801
474,348,822
279,203,482
546,210,756
619,239,858
619,308,927
514,284,798
440,244,684
650,316,966
603,303,906
543,337,880
539,354,893
935,107,1042
948,117,1065
928,102,1030
943,107,1050
945,117,1062
247,155,402
259,180,439
267,182,449
282,207,489
279,187,466
449,270,719
491,295,786
481,353,834
498,301,799
521,340,861
662,374,1036
620,390,1010
612,456,1068
662,285,947
604,415,1019
528,323,851
630,426,1056
694,497,1191
572,229,801
452,267,719
937,116,1053
936,117,1053
936,116,1052
928,117,1045
939,132,1071
262,177,439
270,197,467
270,186,456
269,188,457
288,184,472
500,280,780
471,291,762
490,286,776
489,291,780
488,471,959
596,339,935
591,373,964
604,310,914
781,294,1075
570,377,947
605,406,1011
544,348,892
525,328,853
593,284,877
507,322,829
949,112,1061
919,117,1036
932,117,1049
941,117,1058
952,116,1068
278,167,445
275,181,456
266,186,452
285,195,480
253,196,449
484,335,819
513,333,846
481,339,820
488,276,764
659,290,949
632,274,906
641,327,968
591,197,788
433,229,662
488,306,794
537,325,862
554,369,923
482,329,811
652,290,942
534,324,858
934,101,1035
937,107,1044
939,117,1056
931,112,1043
945,117,1062
273,152,425
260,162,422
252,191,443
261,184,445
279,209,488
457,295,752
487,319,806
520,317,837
491,433,924
608,236,844
636,263,899
630,372,1002
470,274,744
503,305,808
741,536,1277
604,410,1014
765,579,1344
459,340,799
645,393,1038
619,440,1059
939,101,1040
929,101,1030
951,107,1058
927,117,1044
257,124,381
247,139,386
275,160,435
261,165,426
477,303,780
434,394,828
429,439,868
458,444,902
628,263,891
752,292,1044
697,343,1040
745,320,1065
509,302,811
526,330,856
567,385,952
542,340,882
945,106,1051
268,172,440
483,294,777
613,299,912
539,333,872
938,101,1039
943,116,1059
938,117,1055
934,116,1050
272,133,405
256,149,405
276,180,456
271,183,454
267,214,481
486,242,728
514,247,761
453,337,790
489,323,812
437,452,889
555,245,800
649,293,942
553,374,927
764,323,1087
474,279,753
526,337,863
606,411,1017
556,361,917
640,976,1616
1214,1002,2216
948,112,1060
946,116,1062
949,117,1066
943,132,1075
277,174,451
279,174,453
283,214,497
292,212,504
486,294,780
488,358,846
529,330,859
614,218,832
653,191,844
459,252,711
435,218,653
521,207,728
524,265,789
503,299,802
932,107,1039
256,162,418
680,331,1011
460,314,774
574,368,942
620,379,999
606,422,1028
944,116,1060
937,116,1053
939,132,1071
943,132,1075
945,131,1076
277,193,470
270,195,465
293,192,485
292,226,518
288,176,464
498,289,787
481,237,718
503,301,804
503,387,890
535,347,882
619,270,889
600,317,917
550,342,892
664,345,1009
549,356,905
509,304,813
576,380,956
706,744,1450
583,392,975
984,800,1784
938,107,1045
950,107,1057
941,116,1057
951,107,1058
262,177,439
274,180,454
275,161,436
496,245,741
481,282,763
274,183,457
478,367,845
569,214,783
594,208,802
490,251,741
692,329,1021
441,239,680
459,248,707
566,255,821
575,349,924
491,290,781
933,107,1040
257,174,431
473,253,726
560,204,764
432,230,662
942,116,1058
953,112,1065
922,116,1038
937,117,1054
943,131,1074
271,168,439
275,177,452
255,198,453
291,206,497
282,198,480
471,279,750
486,319,805
515,295,810
485,376,861
517,304,821
615,234,849
612,238,850
590,272,862
631,275,906
692,389,1081
451,271,722
476,275,751
504,307,811
523,307,830
626,425,1051
948,107,1055
931,116,1047
933,117,1050
934,117,1051
272,182,454
265,194,459
268,188,456
267,214,481
264,221,485
496,261,757
492,293,785
513,286,799
518,282,800
488,329,817
583,231,814
593,238,831
587,273,860
599,436,1035
474,268,742
637,278,915
466,272,738
499,304,803
507,316,823
663,481,1144
952,107,1059
933,107,1040
952,116,1068
944,117,1061
276,156,432
278,170,448
257,203,460
285,190,475
264,182,446
480,285,765
474,333,807
508,296,804
502,310,812
603,244,847
478,534,1012
659,242,901
622,256,878
617,339,956
483,283,766
489,277,766
503,294,797
838,409,1247
634,461,1095
567,385,952
939,101,1040
945,107,1052
939,117,1056
920,117,1037
923,117,1040
257,123,380
254,168,422
269,188,457
257,178,435
273,216,489
454,245,699
499,301,800
521,301,822
428,303,731
467,425,892
539,179,718
614,260,874
394,212,606
722,230,952
620,355,975
616,318,934
448,268,716
494,297,791
552,358,910
595,394,989
921,107,1028
936,107,1043
941,116,1057
946,131,1077
943,117,1060
245,181,426
260,180,440
274,185,459
294,207,501
277,178,455
482,249,731
468,282,750
492,294,786
519,361,880
487,318,805
559,227,786
577,214,791
609,299,908
635,325,960
681,333,1014
430,247,677
458,262,720
535,340,875
563,361,924
574,369,943
915,138,1053
919,157,1076
915,162,1077
917,163,1080
270,178,448
294,212,506
297,252,549
919,148,1067
284,210,494
459,531,990
535,492,1027
493,656,1149
293,251,544
495,456,951
820,384,1204
783,436,1219
945,399,1344
536,469,1005
749,379,1128
594,422,1016
648,484,1132
609,447,1056
762,409,1171
593,420,1013
623,455,1078
914,159,1073
911,159,1070
918,163,1081
916,162,1078
916,163,1079
290,187,477
298,242,540
295,263,558
296,287,583
287,283,570
467,367,834
569,408,977
545,444,989
526,496,1022
560,475,1035
655,285,940
698,377,1075
734,386,1120
760,450,1210
788,534,1322
494,320,814
588,418,1006
597,428,1025
656,497,1153
747,579,1326
910,128,1038
917,142,1059
915,148,1063
922,159,1081
928,159,1087
255,193,448
280,197,477
276,206,482
304,294,598
298,300,598
489,453,942
588,415,1003
478,518,996
588,507,1095
469,472,941
807,423,1230
744,518,1262
803,457,1260
756,430,1186
717,434,1151
633,469,1102
730,561,1291
635,465,1100
674,502,1176
657,475,1132
920,119,1039
917,128,1045
915,128,1043
921,143,1064
916,163,1079
262,163,425
260,194,454
256,216,472
296,246,542
281,257,538
446,376,822
475,367,842
502,370,872
544,396,940
528,446,974
667,376,1043
664,357,1021
656,426,1082
736,392,1128
691,411,1102
588,417,1005
572,393,965
636,465,1101
603,437,1040
627,447,1074
919,143,1062
914,148,1062
918,148,1066
916,159,1075
917,163,1080
283,187,470
279,211,490
279,241,520
297,229,526
292,265,557
471,426,897
491,424,915
547,440,987
526,486,1012
712,318,1030
512,505,1017
718,480,1198
730,422,1152
779,419,1198
527,351,878
796,410,1206
633,465,1098
633,464,1097
693,522,1215
622,456,1078
915,128,1043
914,148,1062
917,148,1065
914,148,1062
918,147,1065
260,162,422
282,187,469
279,206,485
279,205,484
282,234,516
443,389,832
470,464,934
485,486,971
486,495,981
518,431,949
678,365,1043
756,417,1173
774,498,1272
783,441,1224
575,398,973
723,557,1280
629,459,1088
650,483,1133
707,545,1252
770,601,1371
919,148,1067
911,147,1058
913,162,1075
914,162,1076
917,168,1085
284,208,492
292,211,503
275,256,531
293,251,544
302,232,534
493,437,930
490,488,978
533,444,977
515,457,972
531,500,1031
730,341,1071
729,317,1046
748,485,1233
788,571,1359
555,379,934
523,354,877
697,533,1230
775,475,1250
780,621,1401
683,522,1205
931,138,1069
917,163,1080
928,180,1108
286,183,469
913,159,1072
325,208,533
297,240,537
324,272,596
289,302,591
480,519,999
523,437,960
502,522,1024
568,509,1077
581,405,986
728,417,1145
824,409,1233
824,514,1338
813,512,1325
692,477,1169
629,454,1083
632,444,1076
740,557,1297
685,528,1213
737,557,1294
911,138,1049
918,143,1061
919,148,1067
918,148,1066
928,148,1076
266,201,467
283,220,503
278,243,521
293,210,503
284,208,492
478,429,907
504,449,953
527,483,1010
493,434,927
504,488,992
714,474,1188
741,401,1142
790,448,1238
614,439,1053
775,461,1236
727,539,1266
680,518,1198
671,488,1159
674,500,1174
753,585,1338
914,148,1062
920,155,1075
909,159,1068
928,159,1087
928,177,1105
285,226,511
279,239,518
292,219,511
322,301,623
304,272,576
519,443,962
501,463,964
505,525,1030
595,442,1037
566,512,1078
731,421,1152
819,391,1210
744,408,1152
814,362,1176
746,380,1126
630,463,1093
606,430,1036
631,450,1081
585,398,983
584,420,1004
919,128,1047
915,148,1063
916,162,1078
922,163,1085
931,179,1110
264,175,439
280,211,491
295,209,504
302,244,546
327,291,618
492,442,934
460,506,966
491,447,938
532,440,972
588,429,1017
731,371,1102
736,377,1113
799,341,1140
737,410,1147
734,434,1168
581,409,990
555,378,933
594,417,1011
621,452,1073
660,482,1142
921,142,1063
910,148,1058
909,159,1068
920,159,1079
919,163,1082
275,191,466
280,253,533
296,252,548
299,263,562
285,279,564
467,367,834
540,415,955
538,401,939
554,386,940
548,397,945
710,352,1062
651,423,1074
669,395,1064
695,414,1109
690,431,1121
599,438,1037
628,466,1094
629,454,1083
645,470,1115
568,393,961
919,119,1038
915,148,1063
914,148,1062
916,148,1064
919,162,1081
279,187,466
280,195,475
281,194,475
255,224,479
298,197,495
476,417,893
509,424,933
476,461,937
482,437,919
467,463,930
707,384,1091
717,433,1150
730,416,1146
751,425,1176
750,401,1151
595,423,1018
630,452,1082
647,469,1116
634,468,1102
611,437,1048
912,159,1071
921,157,1078
915,148,1063
917,163,1080
917,177,1094
280,220,500
288,240,528
297,254,551
295,311,606
311,293,604
501,436,937
598,412,1010
576,457,1033
537,646,1183
725,358,1083
707,417,1124
748,433,1181
937,501,1438
568,404,972
633,458,1091
518,451,969
645,472,1117
713,550,1263
737,445,1182
652,483,1135
917,133,1050
918,159,1077
916,159,1075
922,168,1090
914,137,1051
267,217,484
307,217,524
268,167,435
294,284,578
292,300,592
500,483,983
582,386,968
505,437,942
447,501,948
568,450,1018
774,312,1086
676,399,1075
733,437,1170
742,391,1133
789,482,1271
610,434,1044
524,347,871
654,475,1129
604,429,1033
691,528,1219
911,133,1044
916,138,1054
920,159,1079
912,162,1074
920,182,1102
271,188,459
261,237,498
291,217,508
319,282,601
296,287,583
470,453,923
495,482,977
514,501,1015
568,445,1013
573,508,1081
786,397,1183
743,551,1294
768,504,1272
739,471,1210
802,408,1210
603,432,1035
623,445,1068
686,515,1201
762,587,1349
711,549,1260
915,128,1043
922,148,1070
915,148,1063
915,148,1063
922,177,1099
260,180,440
280,193,473
280,207,487
287,217,504
316,253,569
461,465,926
474,449,923
488,464,952
505,466,971
541,405,946
754,410,1164
762,395,1157
738,438,1176
753,464,1217
701,456,1157
620,448,1068
612,433,1045
648,479,1127
674,508,1182
673,495,1168
916,148,1064
917,159,1076
920,159,1079
915,159,1074
915,162,1077
281,239,520
294,205,499
291,281,572
296,286,582
293,298,591
572,373,945
562,412,974
521,482,1003
486,495,981
701,327,1028
581,415,996
667,415,1082
772,460,1232
784,477,1261
537,361,898
706,397,1103
630,452,1082
671,502,1173
687,513,1200
609,435,1044
917,144,1061
911,148,1059
921,159,1080
919,162,1081
276,196,472
297,186,483
289,268,557
298,234,532
278,256,534
473,429,902
552,394,946
519,443,962
473,540,1013
539,466,1005
724,424,1148
686,372,1058
825,432,1257
736,451,1187
757,419,1176
585,417,1002
640,470,1110
638,475,1113
665,489,1154
631,465,1096
918,143,1061
915,159,1074
919,162,1081
914,162,1076
914,148,1062
278,196,474
279,184,463
293,268,561
291,280,571
298,246,544
480,405,885
561,480,1041
531,419,950
548,605,1153
697,350,1047
769,409,1178
464,498,962
563,386,949
893,516,1409
712,564,1276
619,449,1068
786,453,1239
725,563,1288
778,613,1391
662,494,1156
919,148,1067
922,159,1081
911,148,1059
917,163,1080
916,159,1075
284,184,468
276,211,487
297,279,576
298,298,596
292,292,584
488,400,888
574,401,975
586,423,1009
469,511,980
562,486,1048
685,411,1096
777,371,1148
805,433,1238
719,446,1165
691,507,1198
617,449,1066
583,412,995
647,471,1118
663,485,1148
718,548,1266
921,142,1063
910,148,1058
914,148,1062
916,159,1075
915,163,1078
275,195,470
280,196,476
279,204,483
295,251,546
292,275,567
471,439,910
483,466,949
532,414,946
484,517,1001
557,450,1007
723,405,1128
761,446,1207
740,411,1151
703,502,1205
805,415,1220
610,449,1059
624,455,1079
712,544,1256
662,489,1151
622,454,1076
913,118,1031
918,154,1072
914,148,1062
916,162,1078
912,179,1091
248,227,475
279,193,472
295,241,536
308,304,612
289,261,550
506,434,940
473,477,950
523,459,982
545,451,996
582,526,1108
721,379,1100
765,505,1270
749,482,1231
743,468,1211
812,470,1282
587,417,1004
693,523,1216
714,541,1255
681,521,1202
677,514,1191
918,148,1066
920,148,1068
910,162,1072
913,177,1090
283,192,475
280,200,480
285,216,501
289,235,524
307,262,569
481,456,937
476,422,898
511,435,946
502,513,1015
541,474,1015
714,443,1157
719,444,1163
745,655,1400
656,466,1122
649,484,1133
865,701,1566
807,457,1264
761,470,1231
672,499,1171
678,515,1193
910,148,1058
922,159,1081
913,159,1072
911,159,1070
917,163,1080
275,220,495
298,258,556
297,243,540
287,282,569
289,302,591
546,395,941
496,439,935
559,394,953
581,406,987
526,475,1001
691,388,1079
679,405,1084
723,465,1188
766,426,1192
693,571,1264
605,425,1030
611,449,1060
638,466,1104
670,509,1179
779,614,1393
919,129,1048
917,128,1045
915,148,1063
918,148,1066
916,159,1075
265,175,440
262,195,457
280,208,488
283,221,504
292,266,558
478,414,892
460,464,924
505,457,962
489,480,969
548,414,962
705,287,992
769,324,1093
704,354,1058
757,383,1140
749,436,1185
499,319,818
534,357,891
565,394,959
597,420,1017
649,483,1132
916,138,1054
916,159,1075
922,159,1081
930,193,1123
912,163,1075
271,184,455
292,261,553
340,263,603
298,280,578
292,244,536
466,448,914
543,420,963
568,468,1036
559,524,1083
522,441,963
738,391,1129
710,472,1182
764,416,1180
828,452,1280
727,454,1181
602,432,1034
683,512,1195
633,457,1090
677,497,1174
661,497,1158
915,138,1053
915,162,1077
919,159,1078
919,162,1081
919,129,1048
265,178,443
270,230,500
294,211,505
298,209,507
295,251,546
463,387,850
492,385,877
536,392,928
494,559,1053
511,446,957
680,411,1091
674,438,1112
685,537,1222
735,398,1133
852,546,1398
625,448,1073
648,480,1128
751,574,1325
608,437,1045
760,599,1359
917,138,1055
918,163,1081
915,159,1074
915,159,1074
921,163,1084
298,227,525
272,186,458
301,270,571
291,278,569
291,297,588
511,407,918
559,415,974
557,462,1019
578,461,1039
699,391,1090
757,304,1061
704,412,1116
728,430,1158
520,335,855
604,432,1036
750,570,1320
622,448,1070
642,475,1117
780,611,1391
913,123,1036
918,134,1052
910,148,1058
911,159,1070
916,159,1075
253,166,419
269,238,507
292,294,586
287,306,593
275,202,477
445,409,854
576,355,931
522,428,950
583,381,964
478,496,974
696,533,1229
645,412,1057
666,402,1068
720,475,1195
780,382,1162
623,449,1072
608,440,1048
741,583,1324
688,516,1204
587,429,1016
931,148,1079
921,159,1080
914,162,1076
920,159,1079
917,162,1079
296,216,512
293,214,507
296,278,574
297,302,599
296,210,506
494,454,948
589,405,994
513,510,1023
564,497,1061
493,486,979
700,301,1001
742,353,1095
815,430,1245
791,373,1164
517,335,852
562,388,950
656,476,1132
588,411,999
777,490,1267
702,539,1241
930,142,1072
922,148,1070
916,148,1064
916,159,1075
915,162,1077
289,184,473
281,195,476
287,222,509
292,257,549
294,267,561
477,409,886
480,468,948
548,470,1018
539,426,965
699,366,1065
510,476,986
772,469,1241
759,548,1307
577,403,980
772,362,1134
716,512,1228
694,510,1204
579,396,975
758,617,1375
723,553,1276
914,162,1076
919,163,1082
909,168,1077
914,162,1076
918,148,1066
293,192,485
294,256,550
293,208,501
299,264,563
283,184,467
472,436,908
531,423,954
549,456,1005
488,463,951
724,311,1035
468,437,905
751,413,1164
706,542,1248
749,501,1250
520,342,862
729,408,1137
622,447,1069
715,541,1256
746,587,1333
621,446,1067
920,148,1068
916,162,1078
913,159,1072
917,168,1085
918,148,1066
283,212,495
295,217,512
302,232,534
289,230,519
285,255,540
515,392,907
496,422,918
499,433,932
509,465,974
541,396,937
723,386,1109
683,424,1107
714,441,1155
752,388,1140
690,539,1229
596,427,1023
597,415,1012
654,488,1142
636,464,1100
754,586,1340
916,128,1044
911,148,1059
913,148,1061
914,162,1076
911,177,1088
261,152,413
276,188,464
278,188,466
293,234,527
305,257,562
434,433,867
465,444,909
467,472,939
514,460,974
534,439,973
723,341,1064
759,482,1241
748,415,1163
729,477,1206
724,496,1220
552,378,930
624,460,1084
690,522,1212
683,518,1201
702,542,1244
918,148,1066
921,159,1080
916,162,1078
917,163,1080
914,128,1042
259,168,427
283,236,519
295,252,547
297,252,549
297,267,564
520,453,973
534,444,978
554,458,1012
448,583,1031
535,436,971
753,429,1182
734,458,1192
871,392,1263
745,491,1236
727,419,1146
645,475,1120
601,431,1032
669,503,1172
704,532,1236
631,465,1096
919,128,1047
922,148,1070
916,148,1064
919,159,1078
919,159,1078
264,189,453
287,196,483
281,196,477
295,301,596
295,283,578
474,451,925
484,440,924
586,382,968
568,372,940
478,503,981
675,370,1045
665,381,1046
744,475,1219
736,440,1176
793,507,1300
584,405,989
595,417,1012
689,518,1207
657,482,1139
718,547,1265
919,139,1058
911,148,1059
913,159,1072
919,162,1081
275,152,427
276,190,466
298,199,497
292,210,502
289,298,587
437,379,816
467,408,875
484,404,888
489,405,894
672,316,988
693,343,1036
577,437,1014
692,524,1216
697,471,1168
530,351,881
549,381,930
724,361,1085
685,514,1199
732,570,1302
569,403,972
915,127,1042
914,148,1062
918,159,1077
915,162,1077
922,154,1076
259,168,427
279,195,474
294,210,504
294,274,568
293,267,560
449,428,877
475,426,901
558,387,945
491,450,941
555,491,1046
717,318,1035
714,436,1150
739,456,1195
787,387,1174
528,356,884
645,480,1125
604,426,1030
666,497,1163
679,373,1052
586,408,994
914,148,1062
913,138,1051
916,159,1075
912,159,1071
914,162,1076
279,203,482
268,195,463
293,210,503
288,235,523
292,275,567
513,362,875
557,392,949
490,478,968
474,543,1017
648,367,1015
682,384,1066
766,492,1258
830,512,1342
483,432,915
574,408,982
595,423,1018
720,340,1060
701,527,1228
720,559,1279
549,373,922
915,142,1057
916,162,1078
918,159,1077
913,159,1072
918,163,1081
274,190,464
295,228,523
298,244,542
294,255,549
289,275,564
510,346,856
539,388,927
471,399,870
554,406,960
528,545,1073
636,306,942
680,386,1066
693,378,1071
688,414,1102
517,344,861
837,464,1301
586,418,1004
599,427,1026
677,512,1189
624,452,1076
921,142,1063
914,138,1052
916,149,1065
918,163,1081
916,163,1079
269,211,480
282,212,494
298,244,542
280,291,571
494,394,888
578,391,969
491,426,917
528,528,1056
684,493,1177
686,434,1120
714,445,1159
820,481,1301
650,476,1126
654,483,1137
704,536,1240
694,526,1220
296,235,531
517,404,921
694,480,1174
691,522,1213
913,148,1061
919,143,1062
917,159,1076
921,163,1084
279,218,497
278,258,536
301,272,573
293,258,551
503,382,885
541,384,925
537,435,972
559,469,1028
722,346,1068
675,334,1009
554,386,940
546,369,915
764,606,1370
822,657,1479
928,162,1090
307,222,529
675,412,1087
626,452,1078
516,524,1040
826,516,1342
739,558,1297
913,133,1046
911,133,1044
918,128,1046
922,155,1077
916,162,1078
263,176,439
263,169,432
261,246,507
295,221,516
294,233,527
453,439,892
503,384,887
523,400,923
521,400,921
455,432,887
731,448,1179
685,463,1148
696,477,1173
674,487,1161
719,490,1209
661,499,1160
698,529,1227
694,521,1215
698,535,1233
669,501,1170
914,128,1042
916,148,1064
921,163,1084
916,163,1079
917,159,1076
259,167,426
281,246,527
293,254,547
301,287,588
296,282,578
528,418,946
537,520,1057
447,463,910
564,416,980
574,583,1157
708,446,1154
751,387,1138
706,401,1107
878,449,1327
811,443,1254
657,488,1145
596,425,1021
612,445,1057
665,498,1163
655,483,1138
914,162,1076
921,163,1084
920,162,1082
918,177,1095
914,148,1062
293,194,487
299,215,514
301,270,571
312,246,558
279,210,489
474,408,882
501,403,904
530,404,934
490,407,897
557,384,941
696,421,1117
696,511,1207
697,439,1136
679,344,1023
695,487,1182
634,458,1092
654,476,1130
720,558,1278
560,384,944
696,537,1233
911,140,1051
913,148,1061
915,148,1063
911,159,1070
917,163,1080
268,205,473
280,188,468
278,205,483
297,257,554
287,284,571
482,395,877
561,410,971
469,418,887
484,410,894
540,428,968
680,355,1035
707,382,1089
695,464,1159
697,493,1190
719,491,1210
561,395,956
592,421,1013
670,508,1178
701,534,1235
703,534,1237
909,143,1052
918,144,1062
916,148,1064
916,163,1079
918,168,1086
281,198,479
269,240,509
279,254,533
303,232,535
296,292,588
515,383,898
516,395,911
480,470,950
574,476,1050
538,535,1073
666,364,1030
760,347,1107
687,450,1137
766,364,1130
827,431,1258
568,404,972
558,386,944
575,405,980
663,499,1162
644,477,1121
920,133,1053
909,143,1052
909,159,1068
913,162,1075
915,162,1077
285,238,523
270,278,548
294,255,549
292,234,526
564,395,959
513,434,947
538,427,965
536,450,986
513,440,953
739,357,1096
689,443,1132
710,430,1140
717,471,1188
567,391,958
727,498,1225
658,481,1139
675,514,1189
634,469,1103
706,542,1248
917,118,1035
912,148,1060
913,148,1061
916,162,1078
915,162,1077
252,229,481
278,199,477
277,214,491
294,196,490
295,230,525
478,383,861
492,468,960
477,504,981
512,519,1031
512,432,944
670,450,1120
754,416,1170
793,434,1227
810,531,1341
722,449,1171
623,451,1074
644,467,1111
658,492,1150
660,487,1147
743,574,1317
868,129,997
930,157,1087
879,159,1038
890,157,1047
867,179,1046
255,206,461
304,229,533
264,263,527
263,230,493
214,209,423
519,381,900
451,497,948
463,436,899
525,516,1041
443,505,948
646,479,1125
678,449,1127
751,473,1224
748,511,1259
664,536,1200
611,501,1112
821,809,1630
647,529,1176
674,570,1244
1034,897,1931
885,157,1042
874,157,1031
870,157,1027
890,157,1047
874,179,1053
244,225,469
264,240,504
248,232,480
259,271,530
270,198,468
496,414,910
472,453,925
461,368,829
522,494,1016
438,460,898
702,429,1131
613,528,1141
709,339,1048
679,691,1370
754,751,1505
598,485,1083
509,388,897
694,593,1287
876,764,1640
931,853,1784
872,157,1029
945,157,1102
898,157,1055
902,190,1092
922,157,1079
246,248,494
319,243,562
272,242,514
309,257,566
296,262,558
486,428,914
525,459,984
554,514,1068
506,509,1015
550,382,932
736,611,1347
679,582,1261
834,935,1769
808,636,1444
799,640,1439
782,1108,1890
1175,961,2136
1301,1246,2547
675,4096,4771
4264,4096,8360
876,157,1033
872,157,1029
910,157,1067
872,171,1043
245,192,437
246,207,453
250,213,463
284,241,525
260,246,506
484,371,855
445,410,855
455,436,891
427,443,870
517,419,936
687,395,1082
618,522,1140
657,525,1182
687,613,1300
559,443,1002
704,892,1596
689,583,1272
692,582,1274
784,694,1478
1097,975,2072
873,145,1018
872,157,1029
870,157,1027
876,157,1033
901,190,1091
235,202,437
246,226,472
250,227,477
244,221,465
308,273,581
441,295,736
457,357,814
469,452,921
464,499,963
540,419,959
543,406,949
602,380,982
746,416,1162
703,452,1155
695,585,1280
575,448,1023
546,423,969
583,467,1050
623,502,1125
781,656,1437
872,145,1017
869,157,1026
956,157,1113
872,171,1043
875,190,1065
234,215,449
243,214,457
330,252,582
260,244,504
282,247,529
449,372,821
574,379,953
453,465,918
488,381,869
482,462,944
616,320,936
712,548,1260
484,367,851
709,519,1228
710,874,1584
715,622,1337
686,584,1270
1125,919,2044
631,4096,4727
4267,4096,8363
876,157,1033
870,156,1026
868,171,1039
883,190,1073
243,228,471
918,190,1108
250,238,488
256,245,501
290,267,557
325,285,610
464,357,821
479,385,864
480,367,847
516,441,957
569,398,967
628,312,940
602,428,1030
618,525,1143
475,351,826
593,469,1062
691,629,1320
699,502,1201
696,607,1303
681,549,1230
842,670,1512
873,127,1000
869,131,1000
905,157,1062
886,157,1043
892,175,1067
217,180,397
217,186,403
260,207,467
284,256,540
279,241,520
415,441,856
459,390,849
425,358,783
512,467,979
514,454,968
685,329,1014
651,398,1049
606,371,977
493,385,878
579,424,1003
721,647,1368
540,423,963
834,685,1519
747,1505,2252
1705,1956,3661
884,145,1029
870,157,1027
914,157,1071
872,157,1029
869,171,1040
246,206,452
246,204,450
288,233,521
244,230,474
257,264,521
456,369,825
442,442,884
466,425,891
513,459,972
499,481,980
670,394,1064
689,450,1139
724,465,1189
628,707,1335
560,436,996
617,514,1131
748,1028,1776
630,520,1150
886,782,1668
1237,1113,2350
878,156,1034
876,157,1033
948,157,1105
870,159,1029
875,190,1065
246,196,442
250,210,460
322,222,544
251,230,481
282,261,543
452,374,826
432,411,843
536,399,935
474,440,914
502,439,941
656,389,1045
689,365,1054
693,475,1168
722,542,1264
554,441,995
535,409,944
648,518,1166
785,587,1372
625,4096,4721
4267,4096,8363
872,145,1017
870,145,1015
878,157,1035
958,181,1139
873,190,1063
232,178,410
234,183,417
252,248,500
280,245,525
356,269,625
421,309,730
414,381,795
492,427,919
484,420,904
556,429,985
626,405,1031
680,476,1156
668,559,1227
596,482,1078
570,444,1014
703,795,1498
649,558,1207
727,641,1368
1048,894,1942
868,131,999
872,159,1031
870,156,1026
870,174,1044
880,175,1055
216,183,399
248,197,445
243,217,460
261,249,510
272,278,550
417,317,734
453,407,860
524,380,904
435,454,889
485,442,927
560,337,897
652,283,935
701,447,1148
635,487,1122
501,399,900
448,325,773
614,500,1114
687,457,1144
662,541,1203
622,518,1140
876,145,1021
902,157,1059
890,157,1047
876,157,1033
876,190,1066
238,195,433
250,224,474
264,245,509
276,262,538
283,245,528
466,336,802
437,434,871
530,460,990
501,484,985
487,490,977
685,410,1095
587,502,1089
741,433,1174
748,553,1301
582,464,1046
673,577,1250
604,481,1085
738,594,1332
737,4096,4833
4293,4096,8389
892,157,1049
877,142,1019
869,159,1028
883,157,1040
236,199,435
245,219,464
266,248,514
294,272,566
257,227,484
442,397,839
454,428,882
506,428,934
558,419,977
476,466,942
672,252,924
649,564,1213
714,542,1256
695,636,1331
416,303,719
724,764,1488
757,527,1284
736,645,1381
823,712,1535
942,835,1777
877,157,1034
896,157,1053
964,181,1145
929,181,1110
251,235,486
270,229,499
295,250,545
327,261,588
362,250,612
491,414,905
478,439,917
537,437,974
556,421,977
580,459,1039
691,291,982
685,543,1228
464,333,797
733,871,1604
725,866,1591
734,571,1305
1087,958,2045
1090,974,2064
798,2544,3342
2803,2817,5620
922,157,1079
879,157,1036
914,157,1071
900,157,1057
876,171,1047
264,202,466
288,232,520
253,240,493
296,238,534
274,244,518
444,411,855
526,395,921
485,405,890
512,442,954
510,424,934
661,366,1027
659,409,1068
731,447,1178
692,578,1270
537,406,943
583,465,1048
699,860,1559
656,449,1105
795,630,1425
1055,943,1998
892,157,1049
892,157,1049
875,157,1032
874,157,1031
869,171,1040
248,205,453
249,211,460
266,231,497
266,261,527
257,251,508
445,300,745
486,425,911
452,415,867
519,524,1043
549,278,827
489,504,993
669,430,1099
447,312,759
665,540,1205
771,432,1203
594,479,1073
791,860,1651
620,483,1103
710,603,1313
1047,980,2027
870,159,1029
873,157,1030
876,157,1033
923,157,1080
246,217,463
250,205,455
247,228,475
325,240,565
297,278,575
467,328,795
453,399,852
557,415,972
447,487,934
567,483,1050
738,145,883
644,308,952
576,373,949
316,172,488
473,361,834
781,502,1283
541,412,953
741,735,1476
720,545,1265
981,698,1679
890,142,1032
875,157,1032
909,157,1066
891,190,1081
875,204,1079
249,219,468
249,224,473
296,226,522
283,264,547
298,260,558
475,368,843
467,351,818
465,432,897
539,461,1000
517,471,988
633,321,954
681,387,1068
601,595,1196
507,362,869
737,572,1309
557,423,980
745,831,1576
765,649,1414
759,653,1412
1035,859,1894
869,149,1018
868,131,999
887,175,1062
870,194,1064
951,214,1165
235,185,420
216,197,413
279,225,504
382,244,626
281,285,566
431,341,772
420,413,833
561,390,951
521,377,898
478,471,949
584,364,948
657,295,952
622,281,903
716,482,1198
733,419,1152
446,317,763
459,343,802
527,413,940
728,446,1174
601,476,1077
878,157,1035
939,157,1096
870,157,1027
872,190,1062
870,171,1041
244,210,454
252,264,516
258,234,492
279,267,546
313,317,630
446,416,862
470,371,841
505,399,904
508,428,936
622,487,1109
646,378,1024
661,444,1105
681,409,1090
616,267,883
545,426,971
582,457,1039
432,308,740
801,806,1607
609,494,1103
1040,878,1918
872,116,988
902,157,1059
870,116,986
874,157,1031
958,181,1139
205,163,368
203,161,364
248,226,474
276,246,522
356,281,637
397,411,808
401,445,846
466,427,893
514,387,901
605,427,1032
656,371,1027
676,475,1151
692,588,1280
536,424,960
664,947,1611
760,826,1586
644,536,1180
756,650,1406
1079,782,1861
1144,1058,2202
904,157,1061
870,157,1027
882,175,1057
871,157,1028
957,181,1138
244,213,457
245,214,459
278,246,524
274,261,535
355,261,616
449,347,796
584,360,944
516,405,921
451,517,968
509,581,1090
592,387,979
692,583,1275
763,504,1267
684,643,1327
552,434,986
838,586,1424
670,576,1246
835,634,1469
843,719,1562
763,657,1420
871,119,990
899,157,1056
880,157,1037
878,157,1035
897,190,1087
207,160,367
273,226,499
252,228,480
254,233,487
304,242,546
397,366,763
479,367,846
472,428,900
505,400,905
491,459,950
622,356,978
681,324,1005
612,357,969
672,499,1171
531,399,930
497,373,870
523,407,930
733,736,1469
691,553,1244
930,777,1707
897,157,1054
911,157,1068
885,157,1042
869,171,1040
257,211,468
271,231,502
285,231,516
259,237,496
308,273,581
446,382,828
494,375,869
488,386,874
508,348,856
573,445,1018
626,352,978
646,430,1076
646,472,1118
634,667,1301
516,392,908
754,794,1548
610,488,1098
664,533,1197
873,760,1633
1023,845,1868
875,142,1017
909,157,1066
891,157,1048
868,159,1027
870,175,1045
234,195,429
265,229,494
244,235,479
283,249,532
262,265,527
469,364,833
524,371,895
436,459,895
501,368,869
486,444,930
607,277,884
655,454,1109
709,578,1287
440,314,754
613,414,1027
710,840,1550
658,496,1154
580,481,1061
749,661,1410
1026,920,1946
881,157,1038
879,157,1036
871,157,1028
901,190,1091
871,157,1028
253,214,467
308,222,530
245,243,488
255,261,516
245,235,480
480,344,824
459,443,902
489,428,917
508,446,954
472,463,935
702,356,1058
704,437,1141
709,386,1095
532,419,951
633,498,1131
590,599,1189
697,1033,1730
552,440,992
765,673,1438
1207,1224,2431
873,157,1030
942,157,1099
916,157,1073
884,157,1041
889,175,1064
247,223,470
258,237,495
290,234,524
316,249,565
281,243,524
516,396,912
462,511,973
557,495,1052
487,497,984
498,512,1010
759,426,1185
687,535,1222
776,507,1283
756,564,1320
746,543,1289
594,487,1081
691,568,1259
743,647,1390
812,1417,2229
1654,1487,3141
869,100,969
878,145,1023
870,156,1026
902,157,1059
877,190,1067
186,168,354
240,220,460
243,240,483
276,234,510
284,232,516
403,358,761
464,424,888
475,348,823
502,459,961
476,443,919
602,380,982
599,400,999
677,453,1130
688,506,1194
544,424,968
736,604,1340
572,462,1034
627,498,1125
671,583,1254
801,606,1407
878,145,1023
872,151,1023
910,157,1067
868,171,1039
940,181,1121
240,205,445
240,222,462
256,221,477
284,259,543
338,276,614
449,333,782
460,457,917
455,462,917
535,454,989
582,520,1102
586,305,891
705,250,955
704,269,973
478,343,821
436,313,749
413,289,702
739,671,1410
835,596,1431
876,730,1606
831,568,1399
874,111,985
900,157,1057
873,157,1030
901,157,1058
872,220,1092
202,168,370
247,190,437
274,220,494
275,252,527
309,280,589
408,408,816
429,407,836
486,421,907
519,527,1046
518,499,1017
655,454,1109
657,512,1169
696,402,1098
803,479,1282
597,446,1043
622,515,1137
681,599,1280
675,502,1177
746,4096,4842
4264,4096,8360
879,157,1036
885,157,1042
874,157,1031
903,157,1060
873,159,1032
249,209,458
253,247,500
277,245,522
259,268,527
248,238,486
478,341,819
448,423,871
519,384,903
514,364,878
644,438,1082
642,579,1221
671,360,1031
492,490,982
590,495,1085
618,522,1140
528,409,937
777,612,1389
744,507,1251
664,541,1205
681,577,1258
877,157,1034
874,157,1031
912,157,1069
868,133,1001
870,171,1041
248,216,464
218,201,419
251,218,469
286,238,524
258,254,512
435,356,791
461,364,825
490,390,880
516,457,973
456,486,942
634,406,1040
599,549,1148
735,413,1148
616,623,1239
744,720,1464
582,476,1058
571,455,1026
713,613,1326
795,698,1493
927,745,1672
874,157,1031
867,149,1016
900,157,1057
885,157,1042
880,190,1070
233,203,436
248,242,490
274,233,507
287,235,522
259,289,548
436,319,755
499,314,813
481,372,853
482,451,933
540,403,943
561,249,810
663,316,979
412,292,704
589,565,1154
627,480,1107
496,375,871
700,1023,1723
760,620,1380
655,574,1229
1193,1125,2318
878,157,1035
895,157,1052
956,181,1137
915,190,1105
269,212,481
252,227,479
269,252,521
322,262,584
354,278,632
471,346,817
513,374,887
472,462,934
600,383,983
543,379,922
599,579,1178
669,535,1204
643,601,1244
714,702,1416
752,658,1410
745,585,1330
731,1226,1957
791,675,1466
953,760,1713
1415,1317,2732
891,145,1036
896,142,1038
874,157,1031
871,149,1020
869,171,1040
253,198,451
237,187,424
248,215,463
255,225,480
257,210,467
455,361,816
445,349,794
455,429,884
487,429,916
424,346,770
593,363,956
694,435,1129
610,471,1081
592,388,980
700,494,1194
527,403,930
622,500,1122
554,435,989
685,565,1250
640,537,1177
875,157,1032
875,157,1032
960,157,1117
882,157,1039
256,214,470
249,225,474
246,223,469
334,219,553
249,231,480
466,310,776
545,335,880
472,346,818
462,382,844
461,481,942
560,325,885
728,157,885
596,342,938
639,390,1029
324,188,512
495,360,855
670,821,1491
567,444,1011
513,400,913
1076,803,1879
867,156,1023
867,160,1027
928,157,1085
943,157,1100
873,157,1030
244,206,450
240,219,459
302,224,526
317,235,552
247,234,481
518,384,902
452,398,850
544,405,949
439,448,887
473,392,865
640,327,967
690,316,1006
640,313,953
723,586,1309
489,368,857
479,371,850
687,714,1401
482,357,839
824,552,1376
937,786,1723
875,157,1032
872,157,1029
896,157,1053
874,190,1064
867,190,1057
249,257,506
274,235,509
270,287,557
246,246,492
281,254,535
498,400,898
468,414,882
484,384,868
494,381,875
549,535,1084
656,387,1043
631,396,1027
650,477,1127
630,527,1157
549,439,988
563,441,1004
806,821,1627
647,544,1191
696,598,1294
1013,912,1925
868,149,1017
938,157,1095
913,157,1070
868,171,1039
234,193,427
256,209,465
287,233,520
303,235,538
312,234,546
427,310,737
443,438,881
512,408,920
538,479,1017
553,241,794
681,329,1010
404,278,682
732,499,1231
492,385,877
696,853,1549
792,819,1611
723,545,1268
1061,929,1990
1052,757,1809
880,157,1037
872,171,1043
882,190,1072
958,181,1139
870,190,1060
254,205,459
260,233,493
277,230,507
356,241,597
289,265,554
471,339,810
513,333,846
466,386,852
451,483,934
565,514,1079
590,349,939
586,403,989
631,324,955
738,492,1230
490,388,878
526,425,951
570,468,1038
667,576,1243
847,1315,2162
1568,1419,2987
877,157,1034
880,157,1037
884,157,1041
920,190,1110
884,190,1074
251,214,465
254,211,465
258,222,480
291,261,552
327,254,581
457,377,834
472,398,870
457,425,882
540,376,916
511,512,1023
632,395,1027
677,350,1027
657,581,1238
522,399,921
771,552,1323
671,704,1375
570,446,1016
760,671,1431
731,618,1349
919,757,1676
877,157,1034
870,160,1030
874,157,1031
961,181,1142
881,190,1071
247,201,448
248,230,478
251,233,484
288,240,528
359,295,654
437,419,856
470,435,905
487,424,911
476,456,932
622,460,1082
664,383,1047
708,404,1112
680,440,1120
548,444,992
577,440,1017
616,506,1122
796,1212,2008
1468,1196,2664
684,4096,4780
4266,4096,8362
868,131,999
882,145,1027
873,157,1030
869,157,1026
922,157,1079
216,170,386
244,208,452
243,219,462
296,254,550
247,240,487
404,293,697
454,414,868
456,491,947
479,342,821
542,490,1032
536,314,850
657,341,998
590,384,974
477,390,867
748,635,1383
505,385,890
552,431,983
787,828,1615
813,726,1539
1045,915,1960
870,159,1029
870,159,1029
867,165,1032
249,215,464
246,213,459
246,244,490
270,239,509
259,264,523
448,321,769
480,374,854
449,424,873
515,417,932
501,488,989
563,358,921
618,415,1033
677,553,1230
759,650,1409
520,417,937
581,471,1052
733,632,1365
841,679,1520
669,4096,4765
4261,4096,8357
877,157,1034
901,157,1058
958,157,1115
962,181,1143
867,205,1072
251,215,466
332,230,562
275,254,529
360,262,622
289,248,537
458,396,854
521,379,900
481,355,836
554,445,999
590,460,1050
597,467,1064
655,476,1131
629,531,1160
672,532,1204
778,1048,1826
797,1128,1925
1301,1100,2401
1385,1141,2526
648,4096,4744
4268,4096,8364
885,111,996
874,142,1016
885,157,1042
882,190,1072
884,190,1074
213,187,400
233,206,439
291,221,512
289,247,536
259,219,478
438,437,875
471,336,807
446,428,874
495,443,938
470,485,955
595,544,1139
697,576,1273
700,504,1204
677,612,1289
745,494,1239
724,609,1333
681,576,1257
756,662,1418
674,553,1227
781,680,1461
882,145,1027
880,156,1036
962,181,1143
871,190,1061
926,157,1083
244,184,428
278,218,496
253,267,520
300,236,536
360,285,645
455,421,876
432,455,887
513,446,959
528,455,983
613,456,1069
667,477,1144
701,470,1171
756,464,1220
712,613,1325
793,887,1680
643,543,1186
645,528,1173
790,692,1482
1144,941,2085
874,111,985
869,145,1014
891,157,1048
875,157,1032
891,190,1081
202,174,376
231,192,423
249,203,452
265,231,496
298,232,530
414,308,722
427,348,775
444,432,876
488,506,994
557,308,865
591,406,997
682,403,1085
477,360,837
489,442,931
772,522,1294
570,479,1049
573,451,1024
708,560,1268
708,634,1342
820,718,1538
884,157,1041
870,171,1041
890,175,1065
258,221,479
245,227,472
258,227,485
285,261,546
282,249,531
471,370,841
464,361,825
463,372,835
505,409,914
538,461,999
629,318,947
617,344,961
607,399,1006
674,596,1270
497,379,876
509,380,889
747,868,1615
565,452,1017
781,638,1419
1074,981,2055
915,139,1054
924,154,1078
975,158,1133
992,159,1151
967,174,1141
271,160,431
295,185,480
358,184,542
350,206,556
368,230,598
441,299,740
517,383,900
588,422,1010
475,475,950
547,471,1018
588,464,1052
773,539,1312
820,583,1403
724,502,1226
788,878,1666
674,514,1188
758,601,1359
765,555,1320
853,650,1503
1166,964,2130
964,142,1106
964,170,1134
954,159,1113
922,174,1096
970,174,1144
323,210,533
351,187,538
313,199,512
361,202,563
330,245,575
540,431,971
517,455,972
565,457,1022
538,527,1065
487,537,1024
769,332,1101
793,495,1288
785,586,1371
833,541,1374
591,378,969
871,778,1649
754,552,1306
758,614,1372
835,641,1476
1044,850,1894
1008,142,1150
954,139,1093
970,158,1128
972,161,1133
367,183,550
310,192,502
345,201,546
946,154,1100
350,224,574
317,184,501
512,426,938
537,390,927
557,465,1022
496,419,915
754,459,1213
847,495,1342
562,436,998
734,643,1377
708,505,1213
739,667,1406
798,558,1356
782,622,1404
909,697,1606
908,737,1645
890,689,1579
1014,142,1156
949,159,1108
945,154,1099
976,174,1150
951,174,1125
325,204,529
316,189,505
367,201,568
342,188,530
373,242,615
505,403,908
500,423,923
519,441,960
543,500,1043
622,517,1139
728,438,1166
742,515,1257
850,533,1383
764,484,1248
905,705,1610
684,496,1180
805,592,1397
729,550,1279
756,572,1328
1015,770,1785
950,139,1089
1002,174,1176
984,174,1158
971,172,1143
1020,174,1194
306,208,514
375,209,584
411,215,626
393,251,644
360,276,636
524,355,879
559,472,1031
613,425,1038
601,514,1115
619,573,1192
679,440,1119
830,542,1372
908,481,1389
685,496,1181
770,595,1365
822,591,1413
796,530,1326
949,536,1485
862,654,1516
834,610,1444
949,139,1088
951,143,1094
974,158,1132
1028,174,1202
963,174,1137
305,202,507
349,208,557
311,240,551
419,197,616
354,199,553
557,368,925
517,409,926
548,427,975
528,561,1089
591,599,1190
732,400,1132
693,496,1189
775,539,1314
898,564,1462
645,450,1095
1001,785,1786
742,548,1290
808,592,1400
822,623,1445
1108,850,1958
1032,142,1174
952,158,1110
994,157,1151
939,174,1113
999,158,1157
368,207,575
391,240,631
374,217,591
327,287,614
330,280,610
605,411,1016
638,490,1128
585,444,1029
567,553,1120
582,492,1074
737,492,1229
757,498,1255
921,522,1443
865,586,1451
896,655,1551
740,559,1299
733,559,1292
811,566,1377
881,647,1528
982,712,1694
953,158,1111
984,172,1156
955,174,1129
980,174,1154
978,174,1152
328,192,520
346,197,543
369,219,588
371,231,602
373,332,705
511,402,913
577,464,1041
518,499,1017
563,541,1104
682,461,1143
729,479,1208
828,467,1295
818,539,1357
893,520,1413
819,658,1477
727,526,1253
717,518,1235
793,533,1326
815,603,1418
937,737,1674
984,158,1142
953,174,1127
969,176,1145
996,174,1170
1018,194,1212
359,203,562
344,203,547
387,192,579
362,211,573
429,245,674
522,355,877
554,462,1016
553,507,1060
629,454,1083
546,585,1131
682,448,1130
928,497,1425
865,632,1497
832,709,1541
846,649,1495
696,505,1201
762,559,1321
911,686,1597
1001,761,1762
962,702,1664
925,133,1058
935,143,1078
941,154,1095
951,154,1105
954,170,1124
275,169,444
312,185,497
322,176,498
341,188,529
295,295,590
460,369,829
493,365,858
508,355,863
596,328,924
492,467,959
668,400,1068
637,378,1015
683,550,1233
690,562,1252
782,435,1217
621,445,1066
609,414,1023
799,606,1405
808,612,1420
672,501,1173
966,158,1124
925,154,1079
940,155,1095
924,159,1083
1008,161,1169
312,172,484
341,174,515
296,188,484
300,207,507
386,225,611
506,414,920
497,424,921
478,494,972
479,533,1012
599,482,1081
754,384,1138
722,456,1178
808,496,1304
832,503,1335
864,514,1378
645,449,1094
675,515,1190
731,554,1285
723,564,1287
817,567,1384
939,158,1097
973,174,1147
951,174,1125
960,174,1134
1038,198,1236
364,174,538
314,189,503
342,194,536
351,216,567
453,231,684
494,413,907
513,524,1037
511,530,1041
635,469,1104
542,526,1068
855,402,1257
726,591,1317
871,561,1432
881,679,1560
649,464,1113
860,742,1602
826,649,1475
830,624,1454
1013,743,1756
998,817,1815
914,158,1072
954,158,1112
1005,174,1179
973,174,1147
368,187,555
329,217,546
396,218,614
289,233,522
364,212,576
537,434,971
530,485,1015
513,469,982
589,513,1102
551,557,1108
892,302,1194
757,399,1156
762,559,1321
836,692,1528
904,612,1516
602,342,944
609,447,1056
808,620,1428
881,671,1552
964,748,1712
1001,158,1159
953,159,1112
980,170,1150
976,174,1150
988,174,1162
367,201,568
329,232,561
379,228,607
367,254,621
376,244,620
547,404,951
551,448,999
611,470,1081
596,498,1094
582,593,1175
758,402,1160
848,520,1368
845,535,1380
955,525,1480
775,701,1476
678,451,1129
791,561,1352
832,597,1429
808,584,1392
949,770,1719
946,139,1085
937,155,1092
955,159,1114
964,174,1138
983,169,1152
302,164,466
309,200,509
355,220,575
369,250,619
331,279,610
476,356,832
503,351,854
600,394,994
599,418,1017
550,519,1069
676,487,1163
662,439,1101
723,451,1174
775,678,1453
857,637,1494
671,494,1165
729,535,1264
702,506,1208
897,698,1595
956,737,1693
966,158,1124
966,158,1124
944,170,1114
998,174,1172
993,174,1167
384,178,562
331,191,522
341,227,568
389,235,624
341,274,615
559,340,899
537,390,927
599,418,1017
606,475,1081
501,540,1041
680,516,1196
815,444,1259
790,607,1397
757,685,1442
858,802,1660
705,507,1212
777,563,1340
900,660,1560
974,757,1731
1042,883,1925
959,154,1113
971,158,1129
966,158,1124
1032,158,1190
998,174,1172
346,202,548
341,216,557
330,239,569
389,234,623
407,268,675
539,420,959
564,435,999
598,431,1029
548,545,1093
666,627,1293
765,511,1276
803,473,1276
768,514,1282
885,529,1414
1033,600,1633
766,509,1275
777,569,1346
790,586,1376
768,562,1330
927,650,1577
988,158,1146
970,158,1128
937,170,1107
977,174,1151
345,192,537
379,201,580
324,188,512
368,204,572
363,245,608
572,423,995
491,392,883
547,482,1029
599,531,1130
528,581,1109
703,423,1126
802,577,1379
925,471,1396
893,574,1467
655,478,1133
833,634,1467
736,529,1265
878,638,1516
858,636,1494
907,700,1607
973,158,1131
993,170,1163
957,174,1131
964,174,1138
944,158,1102
380,186,566
348,199,547
355,194,549
348,195,543
319,175,494
538,380,918
485,413,898
518,437,955
545,482,1027
524,412,936
727,542,1269
849,508,1357
750,420,1170
731,598,1329
768,606,1374
679,468,1147
797,556,1353
837,654,1491
858,672,1530
810,604,1414
993,158,1151
954,170,1124
989,174,1163
1032,162,1194
962,174,1136
353,177,530
341,188,529
368,232,600
380,257,637
411,246,657
508,387,895
591,452,1043
505,603,1108
644,594,1238
612,530,1142
715,509,1224
819,559,1378
893,556,1449
939,818,1757
758,568,1326
1000,758,1758
847,614,1461
840,617,1457
1085,813,1898
1075,894,1969
953,134,1087
941,154,1095
974,157,1131
959,174,1133
978,174,1152
304,206,510
312,201,513
369,184,553
348,218,566
350,214,564
525,375,900
508,428,936
539,477,1016
528,539,1067
558,515,1073
743,360,1103
702,467,1169
810,528,1338
863,628,1491
596,409,1005
891,702,1593
715,526,1241
782,590,1372
898,684,1582
975,770,1745
919,154,1073
931,154,1085
956,159,1115
970,174,1144
958,174,1132
290,193,483
349,209,558
478,357,835
302,180,482
361,194,555
332,206,538
650,349,999
533,372,905
477,384,861
528,427,955
563,405,968
530,427,957
704,462,1166
689,481,1170
757,449,1206
771,496,1267
716,530,1246
707,540,1247
701,498,1199
761,547,1308
970,143,1113
930,154,1084
979,157,1136
955,170,1125
988,174,1162
301,180,481
330,233,563
342,197,539
353,235,588
379,238,617
476,411,887
518,395,913
580,435,1015
569,466,1035
592,431,1023
715,419,1134
724,462,1186
793,395,1188
810,540,1350
788,640,1428
644,473,1117
678,438,1116
713,513,1226
805,594,1399
915,694,1609
955,139,1094
961,154,1115
972,158,1130
980,170,1150
992,174,1166
332,194,526
311,212,523
383,185,568
347,262,609
367,212,579
533,326,859
521,388,909
543,473,1016
558,465,1023
600,514,1114
655,391,1046
723,493,1216
819,448,1267
860,543,1403
641,438,1079
839,661,1500
750,557,1307
724,495,1219
811,606,1417
948,739,1687
943,154,1097
912,158,1070
975,158,1133
956,170,1126
958,170,1128
314,186,500
350,188,538
287,189,476
343,189,532
345,194,539
467,370,837
511,390,901
495,447,942
529,440,969
518,505,1023
720,367,1087
656,433,1089
764,555,1319
837,506,1343
789,737,1526
619,412,1031
641,484,1125
794,614,1408
760,562,1322
1008,803,1811
952,139,1091
946,159,1105
942,174,1116
1011,174,1185
947,174,1121
308,214,522
333,192,525
338,201,539
402,216,618
322,267,589
514,357,871
500,388,888
532,413,945
593,484,1077
579,659,1238
704,526,1230
739,526,1265
869,558,1427
678,571,1249
979,401,1380
774,577,1351
764,538,1302
864,613,1477
643,468,1111
814,623,1437
938,143,1081
935,158,1093
965,158,1123
972,170,1142
941,174,1115
340,189,529
298,210,508
359,195,554
332,193,525
310,213,523
514,325,839
520,415,935
514,409,923
533,446,979
500,426,926
637,351,988
718,400,1118
741,399,1140
792,448,1240
754,546,1300
584,392,976
631,450,1081
635,448,1083
716,496,1212
807,602,1409
953,158,1111
929,158,1087
1000,159,1159
1005,174,1179
943,174,1117
396,186,582
304,200,504
328,210,538
376,233,609
334,199,533
529,321,850
599,369,968
508,414,922
495,602,1097
557,411,968
648,496,1144
731,584,1315
743,730,1473
905,588,1493
744,547,1291
790,810,1600
823,644,1467
812,600,1412
1026,796,1822
1111,890,2001
966,158,1124
969,157,1126
1016,170,1186
992,174,1166
383,192,575
343,220,563
403,211,614
353,248,601
341,299,640
550,449,999
555,475,1030
591,456,1047
631,468,1099
593,598,1191
818,507,1325
808,448,1256
807,569,1376
815,664,1479
988,618,1606
709,514,1223
771,567,1338
841,630,1471
951,730,1681
930,678,1608
964,118,1082
925,154,1079
946,170,1116
991,174,1165
991,160,1151
299,176,475
296,184,480
333,222,555
368,219,587
382,243,625
506,370,876
475,384,859
534,380,914
576,486,1062
708,360,1068
600,477,1077
683,444,1127
851,295,1146
700,581,1281
620,412,1032
581,342,923
842,533,1375
665,503,1168
823,634,1457
819,576,1395
950,159,1109
976,161,1137
979,143,1122
977,174,1151
326,173,499
368,196,564
354,225,579
386,225,611
339,265,604
539,383,922
489,465,954
602,480,1082
610,357,967
567,541,1108
789,353,1142
710,488,1198
734,680,1414
865,649,1514
891,620,1511
599,398,997
763,542,1305
953,693,1646
891,685,1576
956,716,1672
923,158,1081
963,170,1133
970,170,1140
1023,174,1197
952,174,1126
298,182,480
350,197,547
357,198,555
414,198,612
343,292,635
471,396,867
526,487,1013
534,508,1042
587,498,1085
610,432,1042
693,395,1088
824,517,1341
758,553,1311
852,687,1539
613,442,1055
895,823,1718
775,564,1339
800,633,1433
952,743,1695
1141,886,2027
991,154,1145
984,160,1144
945,158,1103
958,170,1128
962,159,1121
320,198,518
362,204,566
345,188,533
361,227,588
338,276,614
561,363,924
509,424,933
512,458,970
577,494,1071
604,431,1035
743,519,1262
790,499,1289
728,625,1353
852,513,1365
767,572,1339
759,585,1344
752,564,1316
792,556,1348
911,675,1586
829,625,1454
933,170,1103
989,174,1163
971,174,1145
1008,198,1206
365,189,554
320,192,512
362,191,553
380,213,593
423,261,684
533,405,938
491,450,941
635,365,1000
568,429,997
528,633,1161
757,501,1258
757,560,1317
792,635,1427
747,709,1456
978,713,1691
730,554,1284
834,625,1459
1012,782,1794
919,693,1612
979,785,1764
950,148,1098
995,158,1153
976,157,1133
967,170,1137
985,170,1155
354,189,543
315,206,521
372,197,569
350,293,643
370,300,670
522,420,942
522,521,1043
661,435,1096
548,529,1077
635,499,1134
744,414,1158
849,404,1253
862,574,1436
888,655,1543
659,467,1126
804,796,1600
675,461,1136
936,717,1653
837,640,1477
1086,866,1952
989,158,1147
950,159,1109
965,161,1126
984,174,1158
982,176,1158
343,202,545
375,200,575
326,234,560
375,260,635
364,313,677
550,433,983
533,483,1016
550,469,1019
608,441,1049
668,464,1132
791,538,1329
793,517,1310
797,589,1386
822,663,1485
827,690,1517
818,587,1405
762,588,1350
924,713,1637
866,640,1506
974,758,1732
913,133,1046
986,170,1156
934,170,1104
979,174,1153
986,198,1184
373,191,564
321,203,524
370,191,561
401,234,635
503,367,870
536,497,1033
586,427,1013
263,167,430
675,508,1183
850,490,1340
543,391,934
446,376,822
787,608,1395
738,564,1302
751,444,1195
663,382,1045
764,559,1323
890,683,1573
590,434,1024
725,499,1224
941,139,1080
928,158,1086
997,157,1154
1026,158,1184
944,158,1102
297,162,459
303,184,487
401,222,623
371,236,607
319,225,544
469,376,845
614,429,1043
478,523,1001
535,467,1002
599,511,1110
825,380,1205
691,619,1310
829,584,1413
785,542,1327
882,496,1378
603,433,1036
856,674,1530
789,551,1340
781,600,1381
905,645,1550
981,139,1120
945,154,1099
949,154,1103
998,158,1156
929,154,1083
300,184,484
316,205,521
320,199,519
337,232,569
373,287,660
479,416,895
514,410,924
579,422,1001
651,444,1095
719,401,1120
777,412,1189
733,474,1207
816,566,1382
626,462,1088
516,351,867
688,466,1154
718,530,1248
670,320,990
859,612,1471
561,371,932
966,143,1109
948,155,1103
998,158,1156
938,174,1112
975,170,1145
326,175,501
320,210,530
329,197,526
362,189,551
373,228,601
501,419,920
592,393,985
507,503,1010
524,467,991
530,489,1019
731,370,1101
765,530,1295
838,472,1310
843,533,1376
789,587,1376
603,427,1030
823,583,1406
794,583,1377
830,641,1471
742,536,1278
909,154,1063
1004,158,1162
979,174,1153
959,174,1133
982,174,1156
280,187,467
370,194,564
350,188,538
373,197,570
379,296,675
513,386,899
462,427,889
545,414,959
539,585,1124
770,531,1301
710,472,1182
719,615,1334
730,595,1325
938,692,1630
676,533,1209
809,583,1392
870,684,1554
894,646,1540
967,765,1732
988,139,1127
1012,158,1170
947,159,1106
1038,158,1196
344,185,529
387,184,571
316,180,496
323,185,508
413,291,704
539,375,914
491,407,898
562,476,1038
695,301,996
498,489,987
737,561,1298
726,503,1229
862,554,1416
810,743,1553
743,550,1293
845,607,1452
713,761,1474
862,593,1455
985,809,1794
1095,827,1922
966,133,1099
945,154,1099
945,154,1099
960,157,1117
955,159,1114
331,171,502
316,205,521
316,199,515
316,206,522
334,220,554
517,393,910
492,486,978
537,479,1016
510,494,1004
546,507,1053
712,434,1146
819,419,1238
815,593,1408
841,565,1406
813,550,1363
674,479,1153
681,473,1154
820,623,1443
843,646,1489
790,615,1405
976,155,1131
955,154,1109
956,159,1115
942,158,1100
989,174,1163
326,176,502
317,181,498
348,204,552
332,232,564
380,200,580
497,410,907
489,457,946
546,490,1036
555,456,1011
554,569,1123
739,495,1234
819,505,1324
773,403,1176
840,668,1508
899,555,1454
745,542,1287
640,462,1102
789,555,1344
939,738,1677
807,625,1432
970,158,1128
949,158,1107
977,174,1151
974,170,1144
1015,170,1185
324,180,504
361,200,561
345,219,564
402,211,613
368,205,573
495,430,925
540,411,951
548,426,974
555,519,1074
592,553,1145
753,447,1200
777,586,1363
863,516,1379
759,739,1498
942,640,1582
692,500,1192
782,566,1348
858,643,1501
950,695,1645
1008,794,1802
996,154,1150
932,154,1086
927,154,1081
991,170,1161
348,188,536
367,190,557
303,192,495
298,206,504
378,229,607
499,379,878
552,403,955
531,413,944
490,517,1007
586,442,1028
773,392,1165
680,340,1020
764,409,1173
823,470,1293
807,481,1288
562,397,959
681,421,1102
683,447,1130
697,522,1219
768,526,1294
983,143,1126
956,159,1115
973,174,1147
939,174,1113
1007,177,1184
343,225,568
330,205,535
364,206,570
332,229,561
401,283,684
574,412,986
510,438,948
545,547,1092
656,475,1131
551,532,1083
751,491,1242
769,534,1303
856,576,1432
894,590,1484
862,574,1436
725,551,1276
813,584,1397
858,642,1500
878,641,1519
825,633,1458
943,143,1086
960,154,1114
979,157,1136
967,172,1139
987,170,1157
331,183,514
303,202,505
353,194,547
374,189,563
356,307,663
511,331,842
509,426,935
539,512,1051
640,529,1169
648,376,1024
542,561,1103
760,463,1223
865,607,1472
614,427,1041
870,522,1392
719,520,1239
922,640,1562
784,593,1377
881,659,1540
923,700,1623
965,142,1107
938,154,1092
990,172,1162
978,158,1136
978,174,1152
309,212,521
369,196,565
324,265,589
379,299,678
353,305,658
516,397,913
540,401,941
596,397,993
649,400,1049
655,568,1223
709,326,1035
752,323,1075
736,484,1220
753,690,1443
932,449,1381
596,358,954
744,535,1279
734,501,1235
963,761,1724
947,133,1080
962,170,1132
998,159,1157
957,170,1127
297,178,475
290,167,457
349,196,545
374,204,578
344,206,550
451,327,778
491,529,1020
524,524,1048
529,370,899
568,396,964
619,590,1209
701,530,1231
850,560,1410
768,702,1470
860,529,1389
804,675,1479
782,578,1360
803,625,1428
787,588,1375
995,781,1776
958,121,1079
924,129,1053
1005,121,1126
976,121,1097
951,121,1072
296,181,477
314,179,493
289,181,470
343,182,525
270,169,439
505,425,930
521,481,1002
498,364,862
459,395,854
553,451,1004
693,234,927
689,430,1119
830,468,1298
453,264,717
757,427,1184
676,473,1149
831,809,1640
768,503,1271
680,468,1148
1080,888,1968
942,143,1085
960,121,1081
987,131,1118
958,163,1121
996,157,1153
298,186,484
335,179,514
338,221,559
370,222,592
302,208,510
584,430,1014
516,483,999
545,563,1108
532,375,907
799,434,1233
800,716,1516
736,638,1374
671,480,1151
895,555,1450
920,701,1621
1007,763,1770
512,432,944
808,613,1421
766,534,1300
789,583,1372
960,121,1081
996,121,1117
969,157,1126
969,157,1126
298,180,478
334,179,513
343,222,565
343,222,565
506,301,807
967,121,1088
541,426,967
557,472,1029
557,368,925
305,180,485
635,583,1218
815,565,1380
513,431,944
711,443,1154
796,824,1620
838,641,1479
772,741,1513
707,488,1195
1115,884,1999
829,609,1438
1003,794,1797
1032,121,1153
976,131,1107
978,121,1099
967,157,1124
987,121,1108
316,167,483
324,187,511
370,205,575
341,219,560
325,179,504
529,385,914
603,355,958
511,429,940
552,356,908
532,411,943
761,486,1247
735,613,1348
781,595,1376
772,494,1266
697,666,1363
813,528,1341
776,543,1319
884,667,1551
868,665,1533
928,730,1658
1014,121,1135
1014,121,1135
969,121,1090
978,131,1109
1014,121,1135
352,180,532
352,179,531
307,184,491
326,181,507
352,182,534
559,404,963
560,441,1001
519,507,1026
562,381,943
525,673,1198
850,415,1265
829,659,1488
792,881,1673
769,805,1574
679,449,1128
1025,1138,2163
968,716,1684
1190,956,2146
1114,875,1989
1411,1181,2592
958,121,1079
978,121,1099
978,121,1099
969,131,1100
942,163,1105
296,178,474
316,190,506
316,180,496
317,189,506
322,201,523
524,369,893
524,417,941
534,443,977
502,415,917
509,600,1109
747,315,1062
769,542,1311
795,519,1314
712,662,1374
916,483,1399
568,361,929
792,561,1353
815,589,1404
720,531,1251
926,734,1660
978,121,1099
969,143,1112
969,143,1112
967,157,1124
969,167,1136
316,181,497
329,225,554
341,230,571
353,229,582
329,237,566
525,442,967
560,409,969
563,410,973
564,422,986
572,382,954
765,266,1031
794,434,1228
752,439,1191
751,547,1298
530,303,833
725,510,1235
707,479,1186
703,493,1196
809,606,1415
774,572,1346
924,147,1071
958,157,1115
996,179,1175
942,163,1105
958,157,1115
288,186,474
332,223,555
322,233,555
392,195,587
332,217,549
547,431,978
476,479,955
541,389,930
557,418,975
541,625,1166
777,445,1222
788,477,1265
721,643,1364
941,445,1386
763,729,1492
664,488,1152
768,528,1296
682,491,1173
896,698,1594
982,798,1780
987,131,1118
958,143,1101
924,147,1071
942,143,1085
960,163,1123
335,204,539
288,186,474
302,174,476
318,239,557
340,285,625
557,365,922
482,378,860
476,459,935
563,418,981
611,591,1202
757,316,1073
750,396,1146
726,477,1203
694,594,1288
535,352,887
925,509,1434
649,444,1093
759,521,1280
831,640,1471
764,570,1334
987,121,1108
958,133,1091
942,153,1095
924,156,1080
960,163,1123
325,189,514
308,215,523
297,195,492
340,228,568
312,252,564
542,377,919
485,393,878
554,382,936
560,464,1024
539,512,1051
691,390,1081
738,481,1219
844,499,1343
716,619,1335
780,630,1410
609,428,1037
763,528,1291
752,563,1315
874,672,1546
867,680,1547
987,131,1118
987,131,1118
969,157,1126
951,143,1094
969,157,1126
335,182,517
343,225,568
311,227,538
343,222,565
335,180,515
557,365,922
560,431,991
533,396,929
535,549,1084
544,527,1071
708,412,1120
774,440,1214
852,406,1258
757,523,1280
910,619,1529
676,460,1136
704,498,1202
652,453,1105
805,584,1389
901,669,1570
987,121,1108
987,131,1118
951,141,1092
969,157,1126
969,177,1146
325,181,506
335,205,540
309,201,510
343,224,567
363,250,613
534,389,923
558,405,963
518,447,965
559,460,1019
585,455,1040
766,448,1214
750,683,1433
803,637,1440
798,557,1355
772,694,1466
987,131,1118
978,131,1109
1014,140,1154
978,163,1141
326,195,521
326,212,538
371,208,579
335,181,516
358,225,583
539,375,914
556,373,929
534,372,906
588,430,1018
569,523,1092
727,462,1189
733,463,1196
725,544,1269
875,743,1618
818,858,1676
987,131,1118
951,143,1094
924,156,1080
969,157,1126
335,186,521
969,121,1090
297,192,489
311,246,557
343,221,564
307,178,485
539,355,894
482,474,956
563,478,1041
556,506,1062
513,391,904
772,295,1067
803,412,1215
716,677,1393
849,517,1366
734,743,1477
978,121,1099
969,121,1090
960,143,1103
958,157,1115
942,163,1105
316,180,496
332,219,551
322,205,527
307,243,550
320,245,565
524,381,905
571,360,931
543,441,984
579,478,1057
513,516,1029
733,403,1136
821,496,1317
832,465,1297
773,892,1665
694,1066,1760
969,121,1090
924,129,1053
969,157,1126
958,157,1115
307,179,486
305,181,486
270,172,442
343,217,560
332,228,560
514,368,882
514,379,893
462,412,874
552,500,1052
552,612,1164
711,503,1214
710,391,1101
720,656,1376
843,526,1369
944,511,1455
958,119,1077
924,141,1065
924,156,1080
951,163,1114
969,177,1146
294,141,435
282,183,465
297,193,490
331,243,574
363,250,613
465,349,814
483,407,890
473,469,942
585,475,1060
681,419,1100
705,331,1036
560,553,1113
767,392,1159
818,392,1210
878,593,1471
960,121,1081
924,148,1072
958,157,1115
958,157,1115
298,180,478
289,185,474
289,202,491
332,222,554
332,227,559
506,381,887
546,363,909
475,423,898
492,410,902
551,503,1054
708,368,1076
721,490,1211
715,782,1497
835,602,1437
695,802,1497
967,121,1088
1014,121,1135
978,121,1099
951,143,1094
942,143,1085
305,180,485
352,187,539
316,183,499
302,230,532
311,237,548
527,404,931
513,523,1036
538,490,1028
554,417,971
567,635,1202
806,405,1211
742,470,1212
756,692,1448
864,553,1417
1023,481,1504
969,121,1090
1005,141,1146
958,157,1115
958,163,1121
924,156,1080
307,153,460
363,206,569
297,193,490
332,225,557
338,229,567
577,388,965
549,399,948
483,428,911
488,604,1092
553,523,1076
726,456,1182
731,551,1282
947,563,1510
855,566,1421
767,1017,1784
978,121,1099
958,121,1079
987,131,1118
978,131,1109
316,181,497
296,186,482
335,228,563
525,385,910
526,399,925
510,457,967
942,143,1085
581,363,944
737,364,1101
302,256,558
751,481,1232
789,462,1251
724,521,1245
564,418,982
734,335,1069
987,121,1108
958,121,1079
987,131,1118
969,157,1126
960,163,1123
296,177,473
325,192,517
335,203,538
343,225,568
340,215,555
501,351,852
545,359,904
560,421,981
541,481,1022
556,550,1106
683,439,1122
720,512,1232
815,372,1187
911,409,1320
764,493,1257
978,121,1099
942,143,1085
987,121,1108
969,163,1132
996,141,1137
316,180,496
302,234,536
354,204,558
349,216,565
325,226,551
524,321,845
551,404,955
579,453,1032
566,466,1032
542,518,1060
673,322,995
747,269,1016
814,423,1237
834,408,1242
836,952,1788
969,127,1096
987,131,1118
951,143,1094
1014,140,1154
924,142,1066
335,191,526
313,174,487
371,207,578
283,210,493
311,280,591
544,414,958
509,394,903
587,453,1040
500,405,905
597,508,1105
703,349,1052
737,509,1246
841,596,1437
775,709,1484
833,887,1720
996,131,1127
978,121,1099
969,143,1112
958,157,1115
958,163,1121
316,156,472
344,182,526
329,202,531
338,197,535
332,223,555
500,382,882
544,445,989
537,459,996
547,454,1001
521,475,996
802,377,1179
734,570,1304
815,498,1313
807,480,1287
786,730,1516
1023,121,1144
924,141,1065
942,143,1085
951,163,1114
969,157,1126
361,182,543
282,197,479
343,216,559
302,260,562
331,267,598
571,459,1030
487,456,943
584,371,955
551,442,993
568,471,1039
754,366,1120
787,394,1181
696,546,1242
785,579,1364
856,777,1633
978,121,1099
976,131,1107
924,147,1071
969,157,1126
316,180,496
325,182,507
324,189,513
288,189,477
343,227,570
535,367,902
531,414,945
524,486,1010
562,430,992
773,404,1177
760,527,1287
838,645,1483
728,842,1570
764,608,1372
1005,121,1126
1014,121,1135
951,143,1094
969,153,1122
343,177,520
343,179,522
352,180,532
311,226,537
339,214,553
548,375,923
550,370,920
560,416,976
543,470,1013
549,494,1043
804,593,1397
837,472,1309
754,679,1433
795,597,1392
749,903,1652
1041,121,1162
958,120,1078
978,157,1135
924,147,1071
951,163,1114
379,179,558
295,176,471
288,186,474
352,188,540
331,274,605
586,394,980
476,370,846
532,367,899
500,451,951
591,470,1061
668,388,1056
719,567,1286
783,594,1377
795,458,1253
809,672,1481
1005,121,1126
924,141,1065
958,143,1101
951,163,1114
924,168,1092
343,182,525
282,184,466
318,220,538
309,212,521
331,275,606
553,451,1004
502,387,889
544,438,982
474,481,955
592,561,1153
685,337,1022
830,430,1260
770,445,1215
779,466,1245
886,617,1503
987,121,1108
978,121,1099
969,121,1090
924,141,1065
969,153,1122
325,180,505
316,189,505
282,183,465
307,179,486
339,226,565
533,339,872
473,375,848
514,381,895
533,417,950
561,444,1005
673,489,1162
724,613,1337
787,487,1274
769,727,1496
700,573,1273
969,121,1090
969,121,1090
958,121,1079
969,131,1100
969,153,1122
307,187,494
296,179,475
307,189,496
317,189,506
339,216,555
524,416,940
522,473,995
524,506,1030
503,405,908
551,539,1090
759,523,1282
816,493,1309
882,448,1330
849,540,1389
737,602,1339
978,131,1109
942,141,1083
969,141,1110
924,151,1075
958,163,1121
300,172,472
326,187,513
292,203,495
327,216,543
338,273,611
531,346,877
480,468,948
493,423,916
597,418,1015
551,471,1022
721,263,984
698,516,1214
784,427,1211
750,584,1334
814,612,1426
987,121,1108
951,121,1072
1005,121,1126
969,131,1100
969,163,1132
325,183,508
289,184,473
343,182,525
317,191,508
349,268,617
553,385,938
536,415,951
526,440,966
501,517,1018
764,340,1104
603,599,1202
783,507,1290
842,373,1215
776,734,1510
942,476,1418
1023,121,1144
985,131,1116
960,143,1103
969,157,1126
969,157,1126
361,183,544
333,199,532
320,194,514
343,216,559
343,222,565
550,401,951
572,410,982
520,439,959
557,407,964
551,609,1160
750,377,1127
773,481,1254
952,534,1486
760,865,1625
807,1013,1820
1014,121,1135
969,121,1090
987,121,1108
960,143,1103
958,157,1115
352,183,535
325,174,499
307,189,496
332,220,552
568,361,929
527,448,975
544,381,925
563,481,1044
524,537,1061
695,301,996
809,432,1241
713,608,1321
880,567,1447
869,672,1541
987,121,1108
1005,121,1126
967,121,1088
951,120,1071
996,141,1137
305,169,474
343,179,522
325,184,509
288,176,464
354,208,562
502,372,874
550,425,975
570,382,952
537,517,1054
493,518,1011
752,661,1413
713,751,1464
843,651,1494
878,759,1637
804,962,1766
969,121,1090
978,121,1099
996,131,1127
951,143,1094
978,151,1129
316,179,495
344,190,534
307,191,498
311,196,507
346,191,537
523,356,879
526,405,931
552,436,988
535,609,1144
513,669,1182
748,403,1151
708,553,1261
806,644,1450
994,489,1483
961,727,1688
951,121,1072
958,120,1078
958,157,1115
969,153,1122
924,141,1065
289,184,473
295,187,482
282,176,458
339,218,557
332,229,561
511,352,863
501,406,907
466,402,868
553,385,938
700,270,970
553,469,1022
731,491,1222
684,661,1345
717,644,1361
812,566,1378
987,131,1118
987,131,1118
924,141,1065
958,163,1121
969,179,1148
335,182,517
335,191,526
282,203,485
365,211,576
338,251,589
544,415,959
535,429,964
493,437,930
546,424,970
575,562,1137
735,439,1174
790,552,1342
767,522,1289
894,454,1348
776,664,1440
967,121,1088
1014,121,1135
1005,121,1126
1014,131,1145
924,147,1071
352,177,529
305,179,484
343,179,522
362,180,542
288,188,476
557,407,964
560,385,945
550,438,988
478,576,1054
512,439,951
795,428,1223
874,410,1284
817,623,1440
773,839,1612
780,595,1375
969,121,1090
958,133,1091
951,121,1072
958,163,1121
1005,179,1184
307,178,485
289,178,467
308,214,522
401,195,596
338,227,565
538,419,957
551,379,930
495,467,962
513,544,1057
566,500,1066
792,395,1187
887,450,1337
751,656,1407
879,748,1627
711,968,1679
951,121,1072
969,141,1110
924,151,1075
969,157,1126
969,157,1126
289,178,467
292,180,472
327,203,530
343,219,562
495,367,862
470,405,875
557,453,1010
554,441,995
703,264,967
538,701,1239
692,476,1168
784,538,1322
796,557,1353
1044,541,1585
987,121,1108
996,121,1117
1005,121,1126
978,141,1119
958,157,1115
334,181,515
343,180,523
325,191,516
336,210,546
332,223,555
554,344,898
543,401,944
551,463,1014
547,462,1009
544,564,1108
771,405,1176
696,743,1439
842,668,1510
925,609,1534
794,1062,1856
967,121,1088
951,121,1072
985,131,1116
996,141,1137
987,151,1138
305,175,480
289,181,470
333,180,513
354,203,557
355,213,568
508,378,886
498,393,891
531,409,940
565,434,999
566,495,1061
719,536,1255
804,512,1316
856,452,1308
718,734,1452
768,709,1477
942,122,1064
951,142,1093
958,143,1101
924,151,1075
969,163,1132
281,159,440
310,171,481
292,186,478
318,221,539
349,213,562
467,357,824
488,375,863
548,382,930
545,455,1000
673,450,1123
700,450,1150
787,475,1262
725,601,1326
476,474,950
772,367,1139
969,121,1090
958,120,1078
967,141,1108
969,157,1126
969,157,1126
307,179,486
295,183,478
325,203,528
343,218,561
343,223,566
507,373,880
536,352,888
514,468,982
558,432,990
553,455,1008
705,359,1064
775,435,1210
798,533,1331
693,695,1388
811,826,1637
987,121,1108
942,143,1085
951,141,1092
958,143,1101
996,157,1153
325,181,506
309,203,512
318,213,531
302,236,538
370,221,591
520,353,873
544,356,900
537,407,944
583,401,984
534,588,1122
672,279,951
739,556,1295
771,704,1475
949,613,1562
678,802,1480
960,121,1081
958,121,1079
924,147,1071
987,151,1138
960,157,1117
296,185,481
298,180,478
288,189,477
334,216,550
355,225,580
509,395,904
479,399,878
506,424,930
542,452,994
578,443,1021
786,305,1091
697,391,1088
804,362,1166
758,479,1237
727,521,1248
960,141,1101
960,140,1100
969,143,1112
996,151,1147
958,163,1121
317,192,509
318,186,504
364,215,579
329,236,565
338,227,565
518,370,888
577,360,937
551,421,972
512,548,1060
571,624,1195
753,386,1139
704,515,1219
967,457,1424
882,557,1439
730,1195,1925
996,121,1117
978,131,1109
969,157,1126
987,163,1150
316,180,496
334,180,514
326,177,503
343,223,566
367,220,587
542,375,917
524,424,948
558,387,945
573,510,1083
521,567,1088
730,494,1224
745,566,1311
871,588,1459
776,802,1578
919,407,1326
967,143,1110
958,157,1115
967,157,1124
967,157,1124
327,234,561
332,222,554
341,219,560
341,220,561
553,362,915
958,141,1099
546,381,927
552,421,973
316,213,529
568,669,1237
713,588,1301
762,671,1433
537,505,1042
1010,592,1602
703,741,1444
837,486,1323
871,129,1000
877,132,1009
875,129,1004
879,142,1021
875,151,1026
217,138,355
221,145,366
243,170,413
226,184,410
238,242,480
386,399,785
411,372,783
427,400,827
487,415,902
375,398,773
621,368,989
648,455,1103
668,388,1056
651,519,1170
643,477,1120
873,112,985
871,129,1000
877,129,1006
873,133,1006
881,161,1042
217,136,353
202,128,330
223,176,399
223,177,400
259,219,478
416,344,760
367,410,777
373,410,783
419,401,820
466,437,903
591,330,921
655,365,1020
652,356,1008
657,485,1142
692,505,1197
877,129,1006
879,132,1011
869,129,998
881,151,1032
217,139,356
215,148,363
223,167,390
249,183,432
228,199,427
376,352,728
410,449,859
444,432,876
430,500,930
383,428,811
700,282,982
597,490,1087
685,429,1114
755,453,1208
671,449,1120
877,129,1006
879,129,1008
875,129,1004
873,151,1024
871,151,1022
221,138,359
225,149,374
223,169,392
239,163,402
241,167,408
379,343,722
400,329,729
394,399,793
406,378,784
412,391,803
592,245,837
574,377,951
652,354,1006
625,377,1002
642,408,1050
877,129,1006
875,129,1004
873,151,1024
877,151,1028
221,140,361
221,163,384
223,165,388
241,169,410
245,171,416
381,384,765
408,377,785
408,369,777
404,417,821
414,528,942
633,294,927
628,409,1037
666,374,1040
616,418,1034
779,329,1108
877,129,1006
873,151,1024
877,151,1028
875,151,1026
879,129,1008
223,138,361
225,147,372
241,167,408
243,161,404
245,197,442
392,356,748
406,360,766
381,414,795
402,406,808
440,416,856
609,385,994
665,378,1043
607,413,1020
655,389,1044
667,446,1113
875,129,1004
877,129,1006
869,129,998
879,151,1030
881,151,1032
223,135,358
221,140,361
215,145,360
249,172,421
247,190,437
380,322,702
381,373,754
419,357,776
378,446,824
565,263,828
622,328,950
435,488,923
612,436,1048
697,349,1046
741,404,1145
875,129,1004
869,129,998
879,129,1008
225,139,364
223,140,363
221,145,366
215,155,370
384,348,732
390,375,765
383,410,793
386,404,790
225,163,388
601,307,908
661,341,1002
653,388,1041
618,465,1083
408,457,865
710,414,1124
879,129,1008
877,129,1006
871,129,1000
875,129,1004
877,155,1032
223,140,363
217,140,357
225,149,374
249,187,436
221,173,394
377,324,701
383,380,763
394,419,813
430,447,877
414,337,751
569,331,900
672,455,1127
631,286,917
586,335,921
883,132,1015
875,129,1004
877,151,1028
873,151,1024
875,168,1043
221,138,359
232,183,415
245,178,423
241,189,430
260,212,472
379,377,756
432,435,867
421,424,845
428,434,862
453,429,882
626,322,948
692,411,1103
681,468,1149
678,384,1062
675,476,1151
869,111,980
885,129,1014
873,133,1006
873,151,1024
873,161,1034
231,153,384
223,151,374
197,187,384
241,167,408
251,204,455
390,341,731
406,389,795
404,457,861
443,461,904
422,539,961
588,384,972
716,301,1017
636,341,977
708,408,1116
782,533,1315
879,112,991
883,129,1012
875,129,1004
875,151,1026
229,140,369
208,144,352
221,141,362
221,141,362
243,195,438
382,355,737
389,405,794
382,410,792
389,502,891
436,477,913
662,303,965
604,433,1037
659,392,1051
755,434,1189
726,407,1133
871,129,1000
879,129,1008
871,129,1000
877,129,1006
875,168,1043
217,138,355
217,140,357
223,151,374
225,174,399
260,226,486
375,331,706
394,375,769
377,388,765
467,411,878
419,525,944
576,292,868
633,354,987
626,386,1012
778,357,1135
660,441,1101
873,129,1002
877,129,1006
871,151,1022
879,151,1030
887,151,1038
219,140,359
223,169,392
239,170,409
247,183,430
255,180,435
379,302,681
412,400,812
407,439,846
428,464,892
433,461,894
549,376,925
684,358,1042
651,453,1104
722,363,1085
717,509,1226
871,111,982
873,129,1002
881,132,1013
869,151,1020
869,148,1017
199,130,329
219,146,365
230,186,416
237,184,421
234,171,405
367,311,678
406,320,726
419,403,822
556,221,777
626,330,956
433,458,891
563,416,979
646,340,986
713,449,1162
879,111,990
881,128,1009
875,129,1004
873,133,1006
877,151,1028
207,145,352
221,138,359
223,172,395
245,171,416
226,202,428
379,442,821
414,397,811
411,438,849
449,472,921
390,407,797
691,303,994
648,385,1033
685,392,1077
660,348,1008
727,533,1260
879,129,1008
873,133,1006
877,129,1006
873,151,1024
881,151,1032
223,139,362
225,139,364
223,140,363
241,163,404
249,183,432
378,352,730
402,349,751
383,391,774
384,374,758
430,489,919
642,330,972
596,471,1067
599,543,1142
627,406,1033
744,395,1139
877,129,1006
877,151,1028
885,161,1046
873,161,1034
227,146,373
223,166,389
245,159,404
263,210,473
251,195,446
402,386,788
409,468,877
461,459,920
434,509,943
393,392,785
637,350,987
719,363,1082
718,353,1071
647,329,976
756,486,1242
875,129,1004
875,129,1004
879,158,1037
881,151,1032
221,140,361
221,140,361
877,129,1006
249,181,430
223,141,364
381,350,731
384,328,712
428,483,911
579,361,940
599,351,950
738,381,1119
254,221,475
381,390,771
466,452,918
639,356,995
705,356,1061
879,112,991
875,129,1004
879,129,1008
869,112,981
879,129,1008
208,123,331
198,116,314
221,139,360
225,156,381
225,157,382
380,386,766
401,386,787
351,355,706
402,367,769
635,301,936
598,416,1014
620,356,976
639,566,1205
368,414,782
667,404,1071
875,129,1004
883,132,1015
875,150,1025
221,157,378
242,161,403
232,193,425
877,151,1028
873,151,1024
245,199,444
398,284,682
241,161,402
402,410,812
533,317,850
442,506,948
400,359,759
442,494,936
659,336,995
763,444,1207
745,480,1225
606,349,955
873,129,1002
871,161,1032
879,151,1030
881,132,1013
875,154,1029
219,139,358
249,159,408
230,188,418
247,166,413
246,210,456
378,371,749
411,382,793
396,375,771
451,400,851
435,455,890
618,299,917
620,390,1010
649,433,1082
635,492,1127
710,531,1241
873,129,1002
873,133,1006
871,132,1003
871,133,1004
873,129,1002
219,141,360
220,152,372
221,150,371
223,155,378
219,138,357
394,321,715
380,383,763
377,366,743
389,392,781
387,437,824
613,268,881
630,361,991
682,379,1061
637,459,1096
568,657,1225
875,129,1004
879,129,1008
879,133,1012
879,133,1012
873,151,1024
225,138,363
229,140,369
229,141,370
221,148,369
241,174,415
389,309,698
386,372,758
383,382,765
385,384,769
413,426,839
558,360,918
625,409,1034
673,377,1050
637,539,1176
635,661,1296
873,129,1002
875,129,1004
881,129,1010
871,151,1022
219,138,357
227,140,367
221,155,376
241,168,409
239,199,438
387,340,727
377,386,763
396,322,718
407,363,770
436,486,922
571,239,810
595,358,953
610,366,976
633,328,961
731,397,1128
869,129,998
869,151,1020
875,155,1030
869,155,1024
215,141,356
223,140,363
241,168,409
247,171,418
237,177,414
376,352,728
403,365,768
383,414,797
412,381,793
412,442,854
595,375,970
665,338,1003
624,426,1050
608,477,1085
691,482,1173
873,112,985
881,129,1010
873,129,1002
883,151,1034
873,155,1028
202,130,332
227,140,367
219,140,359
245,164,409
251,214,465
369,392,761
379,373,752
387,387,774
403,385,788
463,474,937
620,327,947
642,335,977
639,379,1018
632,340,972
731,428,1159
879,129,1008
871,129,1000
875,152,1027
879,164,1043
217,137,354
225,163,388
223,171,394
260,225,485
244,235,479
374,374,748
408,374,782
414,408,822
470,428,898
476,459,935
619,354,973
627,449,1076
659,407,1066
681,488,1169
708,343,1051
875,112,987
875,129,1004
875,129,1004
873,151,1024
875,158,1033
204,123,327
221,140,361
221,161,382
250,175,425
241,175,416
364,383,747
381,391,772
416,385,801
402,461,863
414,446,860
632,311,943
640,373,1013
693,338,1031
634,422,1056
710,460,1170
871,132,1003
877,128,1005
873,133,1006
873,151,1024
877,151,1028
223,147,370
220,171,391
245,163,408
222,184,406
241,172,413
386,416,802
406,412,818
408,467,875
427,474,901
411,524,935
663,393,1056
771,310,1081
663,379,1042
712,446,1158
725,436,1161
873,129,1002
875,129,1004
881,129,1010
875,129,1004
879,151,1030
221,141,362
219,139,358
221,145,366
227,168,395
247,174,421
382,399,781
386,418,804
378,437,815
415,432,847
419,396,815
684,306,990
648,430,1078
667,498,1165
687,471,1158
649,460,1109
887,129,1016
875,129,1004
875,129,1004
871,151,1022
233,145,378
221,150,371
225,162,387
221,140,361
239,159,398
381,382,763
391,414,805
396,387,783
398,439,837
407,497,904
663,295,958
631,327,958
700,373,1073
632,484,1116
750,419,1169
881,129,1010
869,133,1002
875,129,1004
873,132,1005
875,129,1004
221,138,359
221,145,366
219,159,378
227,175,402
222,184,406
423,340,763
379,437,816
394,426,820
422,424,846
386,475,861
669,316,985
686,344,1030
724,318,1042
587,434,1021
679,468,1147
879,129,1008
869,133,1002
873,133,1006
875,151,1026
873,151,1024
225,142,367
223,145,368
219,153,372
241,162,403
243,171,414
387,354,741
388,347,735
401,347,748
384,415,799
412,399,811
607,307,914
590,304,894
648,349,997
594,416,1010
662,394,1056
875,129,1004
873,129,1002
879,132,1011
873,151,1024
879,164,1043
221,140,361
219,141,360
241,169,410
228,200,428
260,249,509
381,372,753
380,311,691
445,438,883
408,452,860
494,474,968
558,332,890
621,420,1041
691,400,1091
699,438,1137
727,473,1200
871,129,1000
881,129,1010
881,132,1013
875,151,1026
873,155,1028
217,137,354
227,157,384
243,164,407
245,163,408
230,214,444
374,395,769
402,365,767
405,382,787
404,495,899
640,336,976
461,635,1096
612,404,1016
631,441,1072
750,379,1129
890,655,1545
873,112,985
877,132,1009
877,129,1006
875,155,1030
202,123,325
223,151,374
225,169,394
247,161,408
226,200,426
362,378,740
414,411,825
394,426,820
443,414,857
402,498,900
625,278,903
677,397,1074
664,405,1069
747,319,1066
665,392,1057
879,129,1008
871,129,1000
873,151,1024
879,164,1043
217,140,357
225,175,400
241,178,419
260,211,471
256,229,485
377,303,680
417,420,837
420,446,866
470,428,898
456,507,963
548,345,893
667,311,978
677,360,1037
699,445,1144
760,550,1310
873,111,984
869,132,1001
871,142,1013
873,151,1024
871,161,1032
201,127,328
218,171,389
241,162,403
249,172,421
230,208,438
366,275,641
406,368,774
401,380,781
445,372,817
409,471,880
522,337,859
611,434,1045
716,325,1041
627,521,1148
617,517,1134
873,112,985
879,129,1008
879,129,1008
875,151,1026
877,151,1028
202,130,332
225,157,382
225,145,370
243,163,406
245,169,414
390,382,772
369,421,790
404,363,767
402,433,835
412,440,852
635,288,923
668,346,1014
612,404,1016
686,454,1140
691,437,1128
877,129,1006
885,129,1014
869,129,998
883,151,1034
873,151,1024
223,140,363
215,141,356
241,170,411
231,170,401
251,181,432
383,326,709
376,402,778
430,382,812
409,445,854
421,465,886
577,248,825
645,297,942
692,337,1029
724,361,1085
869,133,1002
875,131,1006
875,133,1008
881,151,1032
875,155,1030
225,154,379
223,182,405
249,177,426
247,179,426
219,152,371
395,448,843
423,418,841
424,425,849
387,401,788
420,444,864
667,281,948
697,388,1085
644,417,1061
693,438,1131
680,558,1238
875,129,1004
873,133,1006
875,151,1026
881,151,1032
875,150,1025
221,140,361
223,152,375
243,169,412
249,184,433
242,161,403
381,351,732
410,414,824
402,393,795
391,460,851
431,410,841
600,320,920
663,292,955
642,341,983
707,477,1184
665,527,1192
875,129,1004
877,132,1009
875,151,1026
879,151,1030
873,151,1024
221,151,372
226,181,407
243,176,419
241,170,411
247,207,454
392,445,837
424,429,853
409,475,884
417,489,906
452,473,925
680,274,954
694,381,1075
738,304,1042
726,295,1021
722,387,1109
869,111,980
877,112,989
875,132,1007
883,151,1034
871,155,1026
197,127,324
206,125,331
224,184,408
251,204,455
243,165,408
368,391,759
362,400,762
425,368,793
402,366,768
453,487,940
642,361,1003
611,294,905
643,447,1090
617,524,1141
744,475,1219
877,129,1006
879,133,1012
873,151,1024
875,151,1026
881,151,1032
223,140,363
229,155,384
243,163,406
241,178,419
249,173,422
383,376,759
420,324,744
404,369,773
417,362,779
400,484,884
627,307,934
579,382,961
609,389,998
618,605,1223
737,566,1303
875,129,1004
877,129,1006
879,151,1030
881,151,1032
873,129,1002
221,140,361
223,155,378
249,173,422
247,171,418
219,140,359
381,400,781
416,358,774
420,373,793
398,410,808
379,356,735
649,292,941
603,274,877
611,429,1040
661,413,1074
628,500,1128
873,111,984
873,133,1006
875,151,1026
877,151,1028
871,151,1022
201,126,327
245,160,405
239,164,403
243,171,414
223,168,391
365,400,765
401,324,725
403,403,806
407,393,800
412,524,936
569,342,911
647,362,1009
654,338,992
640,348,988
773,331,1104
873,131,1004
871,131,1002
869,137,1006
875,133,1008
875,151,1026
225,142,367
219,165,384
223,163,386
243,173,416
221,173,394
398,338,736
414,339,753
402,381,783
383,422,805
412,442,854
671,337,1008
581,331,912
588,404,992
626,414,1040
689,482,1171
875,129,1004
877,151,1028
877,151,1028
875,151,1026
883,151,1034
221,141,362
243,180,423
251,185,436
245,194,439
245,167,412
382,339,721
434,419,853
437,435,872
410,404,814
421,458,879
588,376,964
686,387,1073
676,483,1159
707,391,1098
655,484,1139
879,129,1008
871,133,1004
875,151,1026
875,161,1036
871,129,1000
221,154,375
225,164,389
217,138,355
243,186,429
253,183,436
391,380,771
427,397,824
424,434,858
409,450,859
625,433,1058
375,367,742
683,437,1120
646,449,1095
703,407,1110
612,355,967
998,142,1140
1008,142,1150
995,175,1170
997,182,1179
986,150,1136
367,237,604
357,239,596
353,212,565
396,224,620
387,244,631
564,447,1011
605,340,945
587,455,1042
603,515,1118
611,590,1201
709,439,1148
807,454,1261
826,445,1271
887,544,1431
972,572,1544
945,120,1065
1000,142,1142
1010,156,1166
997,161,1158
974,176,1150
282,187,469
359,231,590
383,234,617
375,238,613
610,447,1057
597,483,1080
601,397,998
857,445,1302
367,228,595
831,615,1446
498,375,873
568,308,876
768,589,1357
656,374,1030
694,428,1122
945,146,1091
1008,149,1157
996,161,1157
993,175,1168
986,208,1194
308,215,523
385,204,589
374,224,598
374,209,583
411,276,687
563,343,906
586,388,974
526,462,988
628,465,1093
583,562,1145
710,510,1220
758,463,1221
781,484,1265
944,387,1331
825,487,1312
1002,142,1144
945,146,1091
944,153,1097
996,163,1159
999,178,1177
308,214,522
314,219,533
361,211,572
376,238,614
525,285,810
529,301,830
394,268,662
579,466,1045
600,482,1082
619,248,867
604,335,939
633,407,1040
842,461,1303
852,454,1306
780,497,1277
1001,131,1132
1006,140,1146
985,161,1146
946,175,1121
363,185,548
349,249,598
338,252,590
616,474,1090
986,178,1164
564,470,1034
363,230,593
557,413,970
381,270,651
849,549,1398
581,380,961
790,551,1341
622,467,1089
793,517,1310
739,406,1145
827,665,1492
944,146,1090
945,153,1098
958,175,1133
993,196,1189
307,191,498
308,216,524
315,258,573
350,256,606
406,271,677
527,411,938
580,448,1028
569,521,1090
501,497,998
730,344,1074
840,297,1137
815,394,1209
780,588,1368
630,553,1183
920,459,1379
991,135,1126
1008,142,1150
996,150,1146
959,149,1108
954,176,1130
343,207,550
363,190,553
367,184,551
325,206,531
347,223,570
564,434,998
543,457,1000
552,542,1094
558,683,1241
799,438,1237
785,486,1271
912,459,1371
531,479,1010
1065,678,1743
812,437,1249
1006,116,1122
1008,142,1150
998,142,1140
979,175,1154
948,178,1126
339,197,536
357,213,570
367,235,602
371,221,592
343,243,586
569,361,930
577,458,1035
557,438,995
609,542,1151
566,430,996
741,366,1107
783,381,1164
760,510,1270
830,587,1417
924,599,1523
996,142,1138
988,161,1149
994,176,1170
945,176,1121
984,175,1159
366,204,570
355,219,574
338,235,573
387,251,638
581,424,1005
558,462,1020
611,528,1139
546,562,1108
794,465,1259
376,232,608
881,528,1409
896,596,1492
582,461,1043
824,588,1412
819,509,1328
988,142,1130
990,150,1140
1007,150,1157
990,175,1165
986,189,1175
357,196,553
347,220,567
374,263,637
392,282,674
634,460,1094
382,264,646
552,398,950
574,430,1004
820,608,1428
620,396,1016
636,566,1202
762,421,1183
792,471,1263
947,438,1385
760,600,1360
1006,135,1141
998,142,1140
998,175,1173
993,176,1169
1010,182,1192
358,186,544
357,197,554
386,246,632
390,253,643
409,257,666
558,446,1004
605,438,1043
561,494,1055
617,631,1248
633,667,1300
826,426,1252
866,404,1270
805,442,1247
1051,545,1596
1003,705,1708
986,116,1102
995,116,1111
947,146,1093
986,163,1149
997,178,1175
319,186,505
328,191,519
366,207,573
310,241,551
392,262,654
538,384,922
552,412,964
625,361,986
554,559,1113
559,446,1005
744,355,1099
732,399,1131
781,567,1348
880,399,1279
806,458,1264
994,136,1130
1000,142,1142
980,146,1126
1008,142,1150
986,150,1136
353,181,534
359,194,553
367,199,566
347,221,568
343,233,576
573,375,948
533,460,993
560,503,1063
581,528,1109
579,589,1168
877,466,1343
820,531,1351
896,485,1381
757,773,1530
943,481,1424
1008,142,1150
1001,163,1164
983,175,1158
985,175,1160
980,176,1156
367,228,595
381,226,607
375,219,594
377,245,622
373,254,627
602,389,991
568,457,1025
593,462,1055
596,432,1028
600,453,1053
771,502,1273
814,521,1335
791,534,1325
807,478,1285
837,557,1394
998,131,1129
981,146,1127
947,164,1111
1006,162,1168
995,162,1157
346,190,536
328,226,554
385,224,609
344,251,595
374,242,616
554,436,990
603,390,993
598,429,1027
596,416,1012
539,535,1074
796,307,1103
784,432,1216
759,473,1232
808,557,1365
856,478,1334
1001,150,1151
954,150,1104
1006,161,1167
982,175,1157
1001,182,1183
384,181,565
321,207,528
368,263,631
374,242,616
400,258,658
553,428,981
590,425,1015
625,406,1031
527,549,1076
630,482,1112
808,447,1255
781,441,1222
877,457,1334
781,592,1373
857,473,1330
1006,117,1123
1001,175,1176
1010,189,1199
945,179,1124
994,176,1170
340,153,493
393,256,649
416,266,682
387,247,634
571,311,882
525,448,973
607,397,1004
623,425,1048
642,509,1151
630,387,1017
765,376,1141
828,489,1317
800,530,1330
893,524,1417
1006,142,1148
989,175,1164
984,176,1160
996,176,1172
986,176,1162
365,190,555
379,246,625
389,262,651
381,267,648
377,250,627
562,474,1036
624,427,1051
600,418,1018
622,501,1123
598,627,1225
854,461,1315
776,444,1220
797,485,1282
864,537,1401
987,486,1473
948,120,1068
994,135,1129
1008,140,1148
945,149,1094
1004,189,1193
285,204,489
346,207,553
311,215,526
410,283,693
365,182,547
518,397,915
567,422,989
526,524,1050
653,505,1158
556,468,1024
719,405,1124
790,446,1236
843,430,1273
850,351,1201
883,495,1378
1000,140,1140
984,161,1145
985,163,1148
988,176,1164
987,182,1169
357,166,523
381,244,625
365,261,626
386,243,629
362,232,594
532,521,1053
582,385,967
598,403,1001
596,474,1070
612,627,1239
743,370,1113
895,419,1314
835,422,1257
986,563,1549
765,4096,4861
985,131,1116
987,163,1150
984,175,1159
988,179,1167
1000,189,1189
384,186,570
367,209,576
333,237,570
376,223,599
406,236,642
562,368,930
573,371,944
588,455,1043
602,439,1041
729,325,1054
540,403,943
729,419,1148
814,458,1272
813,516,1329
765,440,1205
996,143,1139
948,150,1098
947,157,1104
1005,161,1166
1011,175,1186
315,205,520
321,206,527
356,254,610
403,231,634
383,251,634
519,414,933
622,379,1001
608,432,1040
616,530,1146
519,500,1019
735,352,1087
758,428,1186
817,539,1356
900,511,1411
822,500,1322
1000,145,1145
998,142,1140
999,161,1160
998,150,1148
998,175,1173
357,205,562
362,264,626
377,247,624
365,289,654
390,288,678
612,371,983
630,414,1044
569,491,1060
652,416,1068
653,457,1110
744,300,1044
788,394,1182
863,433,1296
788,401,1189
829,686,1515
1003,135,1138
1008,142,1150
996,150,1146
994,161,1155
1001,176,1177
363,203,566
367,213,580
372,232,604
394,244,638
565,458,1023
587,481,1068
355,206,561
592,368,960
611,395,1006
828,459,1287
863,444,1307
575,418,993
770,331,1101
736,406,1142
795,326,1121
946,146,1092
997,163,1160
1008,163,1171
989,176,1165
985,176,1161
309,198,507
388,217,605
377,241,618
378,239,617
382,263,645
618,372,990
591,428,1019
604,446,1050
590,514,1104
510,397,907
735,409,1144
810,458,1268
817,514,1331
873,499,1372
717,471,1188
957,120,1077
948,120,1068
1006,142,1148
949,175,1124
990,176,1166
294,161,455
285,159,444
365,227,592
383,268,651
341,288,629
599,406,1005
473,481,954
484,505,989
603,552,1155
624,584,1208
803,379,1182
836,404,1240
786,551,1337
948,431,1379
875,456,1331
947,120,1067
995,131,1126
996,172,1168
996,182,1178
985,178,1163
284,178,462
343,190,533
380,247,627
385,233,618
395,261,656
595,345,940
551,481,1032
491,535,1026
623,453,1076
598,485,1083
715,439,1154
856,451,1307
850,480,1330
823,540,1363
844,584,1428
1010,142,1152
958,146,1104
995,179,1174
1010,189,1199
995,175,1170
321,194,515
369,216,585
391,258,649
416,276,692
387,262,649
592,398,990
518,459,977
652,420,1072
619,539,1158
623,444,1067
791,469,1260
782,594,1376
908,501,1409
813,542,1355
804,886,1690
983,146,1129
1006,146,1152
1008,157,1165
990,161,1151
955,176,1131
346,197,543
369,247,616
348,234,582
382,268,650
368,261,629
642,394,1036
619,499,1118
555,506,1061
617,536,1153
546,364,910
776,525,1301
721,336,1057
835,603,1438
900,548,1448
879,557,1436
986,131,1117
995,131,1126
982,146,1128
1006,157,1163
1007,182,1189
334,184,518
343,193,536
345,208,553
380,233,613
406,298,704
554,377,931
536,460,996
556,516,1072
605,516,1121
671,472,1143
746,376,1122
820,467,1287
872,448,1320
853,493,1346
896,429,1325
945,146,1091
995,162,1157
949,175,1124
997,182,1179
1006,176,1182
308,230,538
374,231,605
396,235,631
399,265,664
592,405,997
558,392,950
598,426,1024
541,479,1020
637,431,1068
774,336,1110
798,443,1241
797,484,1281
811,337,1148
715,501,1216
955,120,1075
983,150,1133
989,161,1150
991,178,1169
949,175,1124
350,206,556
386,246,632
367,292,659
341,241,582
292,177,469
603,347,950
647,308,955
555,516,1071
556,453,1009
712,363,1075
873,358,1231
498,523,1021
671,341,1012
776,573,1349
852,370,1222
998,142,1140
990,162,1152
992,179,1171
1010,182,1192
984,175,1159
369,211,580
357,222,579
388,232,620
409,254,663
376,264,640
586,436,1022
614,385,999
630,402,1032
567,471,1038
590,534,1124
743,354,1097
835,315,1150
900,414,1314
808,383,1191
786,586,1372
947,131,1078
985,149,1134
958,153,1111
946,175,1121
998,178,1176
351,203,554
328,205,533
295,264,559
338,235,573
393,262,655
577,378,955
554,419,973
547,427,974
529,496,1025
626,415,1041
699,399,1098
828,401,1229
787,492,1279
778,634,1412
747,602,1349
983,150,1133
996,175,1171
961,179,1140
999,189,1188
350,208,558
983,178,1161
357,220,577
388,272,660
405,277,682
378,244,622
634,344,978
547,398,945
557,598,1155
642,415,1057
593,557,1150
733,460,1193
714,485,1199
788,411,1199
955,455,1410
914,557,1471
998,179,1177
951,176,1127
991,189,1180
1000,189,1189
1002,142,1144
344,227,571
397,240,637
394,239,633
406,267,673
361,229,590
633,438,1071
544,496,1040
597,424,1021
597,582,1179
603,604,1207
812,391,1203
821,386,1207
976,372,1348
800,512,1312
947,529,1476
998,142,1140
945,146,1091
988,162,1150
994,161,1155
998,142,1140
357,217,574
308,229,537
367,234,601
372,232,604
357,203,560
581,426,1007
592,440,1032
540,536,1076
588,600,1188
567,436,1003
855,353,1208
808,463,1271
798,594,1392
808,412,1220
962,561,1523
944,146,1090
995,161,1156
949,175,1124
990,176,1166
307,216,523
373,220,593
383,226,609
388,245,633
341,289,630
526,385,911
582,376,958
607,447,1054
581,563,1144
604,531,1135
740,389,1129
703,474,1177
817,389,1206
932,583,1515
854,602,1456
1006,136,1142
996,161,1157
1010,160,1170
359,180,539
1000,131,1131
374,218,592
375,221,596
387,278,665
348,215,563
580,398,978
552,519,1071
583,494,1077
581,331,912
654,585,1239
705,426,1131
768,641,1409
899,629,1528
864,774,1638
969,536,1505
988,146,1134
989,161,1150
1002,175,1177
986,182,1168
956,178,1134
367,238,605
385,228,613
394,250,644
351,294,645
351,236,587
593,320,913
618,309,927
580,543,1123
558,477,1035
683,407,1090
648,406,1054
685,585,1270
903,575,1478
807,597,1404
768,530,1298
1001,142,1143
1008,142,1150
946,146,1092
1002,161,1163
1000,175,1175
367,217,584
360,234,594
309,195,504
392,219,611
380,255,635
623,385,1008
591,455,1046
507,442,949
585,453,1038
601,519,1120
761,384,1145
894,417,1311
762,497,1259
827,559,1386
837,644,1481
948,131,1079
980,146,1126
949,175,1124
945,175,1120
999,175,1174
296,240,536
341,233,574
337,244,581
391,261,652
343,208,551
555,301,856
548,329,877
554,563,1117
626,541,1167
554,432,986
652,438,1090
620,632,1252
885,499,1384
914,429,1343
786,576,1362
1000,142,1142
1000,142,1142
1006,163,1169
955,176,1131
994,176,1170
359,210,569
359,216,575
387,223,610
386,254,640
348,233,581
583,440,1023
554,436,990
626,477,1103
582,559,1141
576,568,1144
942,452,1394
808,565,1373
857,568,1425
933,551,1484
765,631,1396
957,146,1103
995,145,1140
993,157,1150
986,178,1164
367,225,592
357,240,597
320,221,541
381,273,654
395,282,677
625,382,1007
544,462,1006
584,476,1060
651,468,1119
843,365,1208
742,432,1174
793,475,1268
845,502,1347
601,429,1030
798,474,1272
1006,142,1148
998,153,1151
992,176,1168
946,179,1125
991,178,1169
365,222,587
368,214,582
342,221,563
386,261,647
578,442,1020
533,451,984
618,413,1031
385,237,622
594,403,997
814,561,1375
771,589,1360
783,552,1335
778,339,1117
595,535,1130
901,600,1501
995,135,1130
1006,143,1149
1005,145,1150
985,176,1161
944,176,1120
347,204,551
366,214,580
337,220,557
378,253,631
367,209,576
565,348,913
586,438,1024
530,492,1022
580,402,982
604,431,1035
818,466,1284
810,382,1192
790,413,1203
781,546,1327
717,461,1178
996,135,1131
980,146,1126
996,135,1131
990,161,1151
997,175,1172
348,211,559
348,195,543
368,219,587
343,248,591
389,248,637
575,388,963
611,384,995
557,505,1062
573,510,1083
594,374,968
752,449,1201
755,434,1189
875,460,1335
880,546,1426
728,396,1124
993,161,1154
944,157,1101
991,176,1167
998,176,1174
987,176,1163
318,207,525
391,207,598
371,248,619
384,268,652
380,260,640
517,396,913
607,378,985
625,452,1077
571,579,1150
714,346,1060
613,438,1051
745,505,1250
799,525,1324
817,327,1144
951,497,1448
996,131,1127
946,146,1092
998,163,1161
990,176,1166
985,175,1160
344,214,558
378,249,627
377,250,627
383,279,662
309,309,618
576,462,1038
601,372,973
621,424,1045
613,515,1128
635,575,1210
731,387,1118
744,520,1264
887,513,1400
939,401,1340
832,693,1525
945,120,1065
985,131,1116
996,161,1157
945,179,1124
1008,189,1197
282,211,493
374,204,578
333,233,566
341,220,561
414,257,671
566,391,957
584,429,1013
522,584,1106
631,460,1091
531,579,1110
788,351,1139
761,482,1243
903,490,1393
898,563,1461
842,680,1522
993,131,1124
993,131,1124
996,161,1157
951,178,1129
1012,208,1220
341,184,525
374,229,603
346,254,600
437,232,669
591,355,946
341,184,525
543,493,1036
571,383,954
610,371,981
725,397,1122
757,400,1157
860,490,1350
543,529,1072
708,552,1260
896,363,1259
1051,142,1193
1049,149,1198
970,178,1148
1037,178,1215
1056,208,1264
415,212,627
410,249,659
365,264,629
432,280,712
481,296,777
666,508,1174
627,534,1161
600,477,1077
683,576,1259
821,357,1178
718,385,1103
933,566,1499
815,428,1243
957,532,1489
987,578,1565
970,152,1122
1033,178,1211
988,182,1170
1027,178,1205
1042,182,1224
441,255,696
422,252,674
428,275,703
387,277,664
339,245,584
631,359,990
674,388,1062
645,400,1045
663,430,1093
795,443,1238
801,451,1252
846,453,1299
581,595,1176
721,842,1563
939,534,1473
1060,142,1202
1053,145,1198
1046,175,1221
1056,189,1245
419,210,629
415,227,642
970,178,1148
438,247,685
462,252,714
365,275,640
646,381,1027
659,352,1011
636,537,1173
611,361,972
674,624,1298
808,466,1274
772,528,1300
705,409,1114
1054,617,1671
971,865,1836
1058,163,1221
1058,163,1221
1055,178,1233
1050,189,1239
1043,208,1251
438,216,654
438,253,691
450,265,715
456,284,740
468,276,744
686,407,1093
700,424,1124
685,443,1128
677,435,1112
640,643,1283
848,433,1281
836,641,1477
867,614,1481
1075,620,1695
860,798,1658
1043,143,1186
1052,159,1211
1056,163,1219
1043,176,1219
1044,157,1201
403,234,637
428,223,651
436,272,708
436,260,696
643,448,1091
682,370,1052
418,264,682
641,698,1339
681,729,1410
800,349,1149
674,526,1200
865,716,1581
1124,696,1820
1146,571,1717
944,632,1576
1057,159,1216
1044,175,1219
1051,175,1226
970,189,1159
1062,156,1218
436,215,651
433,223,656
443,244,687
376,292,668
435,213,648
628,463,1091
661,502,1163
625,554,1179
641,480,1121
646,677,1323
927,438,1365
916,578,1494
972,643,1615
807,687,1494
1108,1160,2268
1034,145,1179
975,152,1127
968,153,1121
971,178,1149
1037,175,1212
396,234,630
344,231,575
429,245,674
366,253,619
338,208,546
634,376,1010
572,526,1098
648,498,1146
542,383,925
725,301,1026
590,390,980
784,809,1593
875,684,1559
909,692,1601
735,665,1400
1025,150,1175
1064,157,1221
1056,163,1219
991,178,1169
1044,208,1252
392,201,593
438,244,682
436,240,676
386,272,658
469,256,725
592,424,1016
674,412,1086
666,414,1080
629,451,1080
832,597,1429
823,773,1596
816,650,1466
662,498,1160
928,603,1531
850,4096,4946
1056,163,1219
1025,157,1182
991,178,1169
1044,179,1223
1064,189,1253
436,203,639
399,240,639
386,230,616
440,260,700
470,274,744
625,529,1154
631,546,1177
704,504,1208
670,737,1407
587,400,987
945,585,1530
942,605,1547
959,729,1688
1155,460,1615
765,472,1237
1044,178,1222
1024,175,1199
1026,179,1205
1036,182,1218
1044,182,1226
422,247,669
435,254,689
443,258,701
416,231,647
439,278,717
639,307,946
621,343,964
688,446,1134
656,513,1169
668,529,1197
741,420,1161
707,595,1302
864,539,1403
947,655,1602
923,682,1605
973,152,1125
1060,156,1216
1030,163,1193
970,178,1148
1046,189,1235
342,198,540
433,240,673
410,243,653
452,246,698
365,254,619
639,348,987
590,396,986
666,586,1252
658,584,1242
752,390,1142
537,540,1077
740,419,1159
1004,608,1612
1020,702,1722
887,502,1389
984,178,1162
971,178,1149
1039,208,1247
1053,208,1261
379,253,632
366,258,624
464,256,720
970,178,1148
478,294,772
661,346,1007
365,316,681
759,407,1166
713,672,1385
603,442,1045
652,637,1289
732,650,1382
981,417,1398
1099,637,1736
800,522,1322
1039,159,1198
1051,159,1210
1064,189,1253
1044,208,1252
415,259,674
427,257,684
470,261,731
469,289,758
1040,178,1218
664,487,1151
699,466,1165
691,493,1184
931,538,1469
884,698,1582
674,532,1206
435,271,706
677,462,1139
900,710,1610
876,813,1689
957,584,1541
1046,149,1195
1064,142,1206
984,175,1159
1048,178,1226
975,182,1157
423,184,607
412,192,604
374,260,634
376,306,682
443,238,681
604,583,1187
601,494,1095
614,641,1255
652,523,1175
1079,571,1650
843,639,1482
656,528,1184
945,567,1512
1003,788,1791
886,439,1325
1030,178,1208
970,179,1149
1060,189,1249
1048,208,1256
974,153,1127
366,230,596
425,258,683
466,272,738
473,286,759
698,419,1117
654,488,1142
566,595,1161
700,588,1288
344,189,533
853,330,1183
892,554,1446
939,531,1470
1010,725,1735
529,365,894
713,364,1077
1035,145,1180
1026,178,1204
1057,189,1246
1034,145,1179
1056,145,1201
397,215,612
421,242,663
463,292,755
396,206,602
616,368,984
634,461,1095
606,338,944
418,233,651
715,412,1127
746,504,1250
861,478,1339
655,561,1216
777,538,1315
843,737,1580
991,767,1758
1042,131,1173
1060,131,1191
1046,163,1209
1057,182,1239
1060,189,1249
390,196,586
408,197,605
426,211,637
456,229,685
466,292,758
652,513,1165
718,512,1230
623,631,1254
623,674,1297
604,587,1191
1051,545,1596
944,693,1637
946,726,1672
1108,842,1950
1003,651,1654
973,159,1132
1074,189,1263
1029,178,1207
973,208,1181
1044,208,1252
349,227,576
424,240,664
469,268,737
480,256,736
398,290,688
635,450,1085
678,461,1139
566,542,1108
629,640,1269
696,680,1376
879,376,1255
889,444,1333
853,534,1387
987,520,1507
1128,596,1724
1054,161,1215
1026,178,1204
1049,175,1224
1034,189,1223
426,249,675
421,246,667
440,215,655
432,274,706
441,302,743
638,428,1066
649,459,1108
694,473,1167
717,456,1173
879,468,1347
867,491,1358
901,533,1434
828,891,1719
615,608,1223
1016,552,1568
1046,168,1214
971,178,1149
972,178,1150
366,263,629
431,231,662
1064,189,1253
367,241,608
1044,189,1233
470,237,707
643,492,1135
579,417,996
667,507,1174
450,267,717
912,484,1396
677,543,1220
945,789,1734
961,826,1787
600,435,1035
763,458,1221
780,505,1285
1062,179,1241
970,178,1148
1037,161,1198
970,178,1148
1045,175,1220
365,328,693
415,241,656
365,263,628
437,244,681
664,438,1102
599,345,944
655,413,1068
644,465,1109
782,371,1153
832,448,1280
689,518,1207
876,741,1617
458,228,686
656,650,1306
1086,459,1545
1030,178,1208
1058,189,1247
1064,145,1209
1056,182,1238
1054,149,1203
464,264,728
455,288,743
426,270,696
420,220,640
710,385,1095
425,225,650
640,657,1297
700,405,1105
815,476,1291
621,483,1104
1085,676,1761
887,722,1609
843,646,1489
688,486,1174
918,496,1414
1064,145,1209
1052,159,1211
1044,178,1222
1062,189,1251
971,178,1149
426,203,629
468,232,700
428,265,693
439,262,701
366,248,614
683,348,1031
672,458,1130
660,538,1198
585,563,1148
633,698,1331
774,373,1147
876,442,1318
908,626,1534
974,794,1768
1136,797,1933
1064,136,1200
1052,149,1201
1052,159,1211
992,178,1170
1043,182,1225
417,208,625
418,213,631
428,263,691
387,263,650
638,358,996
631,463,1094
442,257,699
621,459,1080
681,534,1215
666,437,1103
796,670,1466
825,554,1379
889,665,1554
960,779,1739
854,517,1371
1058,151,1209
1048,175,1223
1044,178,1222
1044,178,1222
1052,182,1234
426,225,651
440,277,717
451,283,734
439,245,684
439,298,737
701,383,1084
655,420,1075
708,449,1157
649,572,1221
838,363,1201
867,495,1362
1004,567,1571
809,728,1537
691,553,1244
975,670,1645
989,152,1141
1056,159,1215
971,179,1150
985,178,1163
1037,208,1245
358,243,601
432,252,684
380,242,622
367,256,623
462,269,731
672,340,1012
598,473,1071
593,542,1135
674,636,1310
836,416,1252
751,588,1339
887,504,1391
1066,1134,2200
593,480,1073
839,446,1285
1043,138,1181
970,159,1129
1051,178,1229
1050,189,1239
1046,208,1254
398,194,592
346,246,592
456,252,708
471,263,734
446,267,713
675,441,1116
582,552,1134
684,488,1172
861,522,1383
896,494,1390
913,497,1410
668,579,1247
603,364,967
1003,516,1519
781,604,1385
1055,135,1190
970,153,1123
981,178,1159
1051,182,1233
972,208,1180
340,187,527
376,264,640
450,274,724
397,300,697
611,425,1036
638,451,1089
407,215,622
691,431,1122
780,517,1297
636,463,1099
797,546,1343
856,381,1237
892,460,1352
523,562,1085
906,444,1350
1060,189,1249
972,178,1150
367,248,615
1057,163,1220
1027,210,1237
466,255,721
437,220,657
586,488,1074
454,289,743
681,457,1138
682,420,1102
834,529,1363
821,405,1226
643,514,1157
945,607,1552
1057,131,1188
972,178,1150
974,182,1156
1027,190,1217
1060,189,1249
405,190,595
466,214,680
373,259,632
367,261,628
434,264,698
613,388,1001
657,343,1000
599,381,980
599,386,985
640,561,1201
819,405,1224
734,316,1050
744,467,1211
727,467,1194
995,766,1761
1050,142,1192
1055,149,1204
1050,163,1213
1057,163,1220
974,189,1163
421,207,628
409,223,632
437,201,638
430,234,664
380,291,671
650,407,1057
624,537,1161
639,564,1203
631,567,1198
628,746,1374
831,407,1238
968,583,1551
988,569,1557
915,522,1437
1175,864,2039
1039,178,1217
1039,175,1214
974,179,1153
1064,189,1253
370,225,595
431,232,663
434,235,669
431,240,671
470,240,710
637,435,1072
645,427,1072
640,445,1085
565,520,1085
670,494,1164
868,507,1375
848,725,1573
840,889,1729
858,557,1415
932,1056,1988
1060,149,1209
985,178,1163
1038,175,1213
1040,208,1248
1036,208,1244
426,183,609
430,237,667
380,274,654
465,273,738
461,274,735
641,378,1019
679,333,1012
609,509,1118
625,468,1093
676,581,1257
790,457,1247
827,472,1299
943,592,1535
991,405,1396
747,1714,2461
975,208,1183
400,278,678
1050,149,1199
1050,182,1232
975,178,1153
1047,189,1236
1060,189,1249
416,188,604
449,258,707
453,242,695
466,244,710
370,270,640
655,412,1067
611,512,1123
674,428,1102
604,656,1260
670,796,1466
833,478,1311
852,642,1494
861,517,1378
1230,598,1828
1080,938,2018
1037,149,1186
981,150,1131
1044,163,1207
1051,178,1229
1055,208,1263
403,242,645
446,242,688
424,261,685
348,294,642
480,310,790
641,439,1080
645,505,1150
659,501,1160
671,733,1404
731,601,1332
1151,66,1217
916,419,1335
794,401,1195
926,696,1622
1030,985,2015
1042,163,1205
1040,175,1215
1046,175,1221
982,182,1164
970,152,1122
422,245,667
432,240,672
438,250,688
381,263,644
339,228,567
646,413,1059
662,442,1104
564,437,1001
611,583,1194
653,734,1387
862,439,1301
827,511,1338
982,152,1134
1042,163,1205
970,179,1149
1046,175,1221
1040,208,1248
351,211,562
422,210,632
438,224,662
366,266,632
465,281,746
602,381,983
559,515,1074
687,416,1103
636,546,1182
618,631,1249
725,371,1096
830,399,1229
871,455,1326
966,508,1474
1047,598,1645
1052,159,1211
1040,165,1205
974,178,1152
978,178,1156
1037,178,1215
432,221,653
422,240,662
428,246,674
373,261,634
369,301,670
624,416,1040
605,393,998
641,406,1047
646,477,1123
664,623,1287
745,376,1121
827,471,1298
754,453,1207
891,574,1465
1049,602,1651
1049,135,1184
1039,140,1179
1050,157,1207
1037,175,1212
970,178,1148
401,197,598
396,221,617
429,256,685
424,274,698
365,268,633
612,408,1020
626,386,1012
659,428,1087
690,462,1152
604,511,1115
799,422,1221
831,413,1244
839,486,1325
886,457,1343
855,542,1397
968,153,1121
986,178,1164
974,182,1156
1062,179,1241
1038,208,1246
338,218,556
373,247,620
381,288,669
458,318,776
463,293,756
552,446,998
587,386,973
640,430,1070
697,448,1145
746,531,1277
734,422,1156
788,511,1299
860,549,1409
790,692,1482
967,665,1632
1048,175,1223
988,183,1171
1068,175,1243
1050,175,1225
460,214,674
388,227,615
440,299,739
581,462,1043
648,587,1235
988,182,1170
442,263,705
387,271,658
824,532,1356
679,401,1080
625,358,983
713,741,1454
1029,768,1797
720,307,1027
825,638,1463
1163,705,1868
974,153,1127
1060,159,1219
1040,178,1218
1034,208,1242
1049,208,1257
344,189,533
436,264,700
435,261,696
474,279,753
459,295,754
529,477,1006
694,396,1090
667,462,1129
690,488,1178
695,504,1199
825,364,1189
819,492,1311
876,498,1374
922,501,1423
912,502,1414
1050,145,1195
1060,159,1219
1034,175,1209
1025,176,1201
1037,182,1219
426,221,647
412,255,667
436,247,683
418,264,682
436,286,722
671,367,1038
621,390,1011
655,407,1062
673,580,1253
689,566,1255
791,310,1101
798,536,1334
1014,382,1396
806,612,1418
977,554,1531
1053,159,1212
1015,178,1193
1035,182,1217
1040,191,1231
1034,208,1242
1053,142,1195
1015,178,1193
1034,175,1209
1035,189,1224
412,208,620
410,250,660
426,251,677
441,288,729
1040,208,1248
627,425,1052
651,455,1106
631,536,1167
465,285,750
689,542,1231
852,450,1302
863,386,1249
691,433,1124
951,427,1378
925,538,1463
847,530,1377
1049,135,1184
984,182,1166
1031,178,1209
985,178,1163
1048,178,1226
401,197,598
380,251,631
383,262,645
426,261,687
443,259,702
673,343,1016
612,496,1108
602,432,1034
612,480,1092
658,525,1183
838,368,1206
765,518,1283
919,493,1412
791,499,1290
930,514,1444
973,152,1125
974,208,1182
1040,208,1248
1039,208,1247
1048,208,1256
342,214,556
473,252,725
399,271,670
465,272,737
464,279,743
666,304,970
553,449,1002
684,352,1036
611,420,1031
678,469,1147
796,361,1157
726,465,1191
768,497,1265
765,608,1373
883,558,1441
1038,135,1173
1030,175,1205
1015,175,1190
1030,178,1208
1037,208,1245
390,189,579
407,250,657
422,251,673
425,288,713
462,258,720
593,425,1018
647,412,1059
631,494,1125
684,487,1171
661,527,1188
837,660,1497
816,587,1403
891,491,1382
883,545,1428
938,768,1706
1060,138,1198
1043,158,1201
981,179,1160
1030,178,1208
988,178,1166
415,196,611
425,239,664
377,240,617
418,268,686
622,399,1021
635,379,1014
677,428,1105
629,446,1075
587,551,1138
833,498,1331
845,502,1347
783,588,1371
906,466,1372
808,657,1465
1051,145,1196
1052,161,1213
974,182,1156
1060,184,1244
1074,189,1263
413,216,629
430,226,656
461,243,704
373,275,648
480,242,722
633,363,996
644,493,1137
682,599,1281
615,731,1346
669,759,1428
788,462,1250
919,438,1357
1047,770,1817
1079,687,1766
1193,852,2045
1060,149,1209
1052,161,1213
1025,175,1200
1039,175,1214
1033,175,1208
426,191,617
425,233,658
431,259,690
417,278,695
430,249,679
632,418,1050
664,433,1097
669,451,1120
667,548,1215
617,814,1431
825,595,1420
846,706,1552
850,750,1600
1248,563,1811
974,981,1955
1053,145,1198
1055,159,1214
1047,175,1222
971,178,1149
1060,189,1249
415,207,622
466,234,700
439,256,695
431,276,707
366,293,659
630,352,982
669,407,1076
626,485,1111
697,523,1220
660,731,1391
912,516,1428
828,554,1382
952,524,1476
697,665,1362
1165,776,1941
1068,142,1210
1044,175,1219
1036,182,1218
1050,189,1239
1043,208,1251
427,191,618
436,229,665
435,253,688
468,265,733
456,306,762
639,416,1055
625,534,1159
674,423,1097
722,511,1233
655,608,1263
840,472,1312
976,561,1537
834,643,1477
1018,559,1577
935,675,1610
1060,135,1195
1043,159,1202
1058,163,1221
988,179,1167
1029,178,1207
412,208,620
438,229,667
419,253,672
424,239,663
384,256,640
634,413,1047
634,430,1064
653,453,1106
610,472,1082
662,521,1183
847,398,1245
885,498,1383
834,483,1317
833,575,1408
938,651,1589
948,117,1065
960,136,1096
946,148,1094
946,143,1089
949,173,1122
282,134,416
313,185,498
306,197,503
311,220,531
339,276,615
448,411,859
532,406,938
509,445,954
511,545,1056
591,443,1034
733,496,1229
765,386,1151
726,512,1238
766,467,1233
879,532,1411
954,143,1097
920,161,1081
942,167,1109
943,162,1105
938,186,1124
314,214,528
322,228,550
341,236,577
326,291,617
491,320,811
537,334,871
534,421,955
540,365,905
599,371,970
614,283,897
651,296,947
677,375,1052
687,342,1029
749,560,1309
959,150,1109
950,143,1093
944,162,1106
945,167,1112
939,169,1108
326,188,514
310,201,511
329,217,546
325,227,552
323,253,576
513,403,916
517,459,976
563,439,1002
528,497,1025
532,550,1082
736,398,1134
783,407,1190
757,469,1226
863,464,1327
816,537,1353
944,128,1072
923,143,1066
918,143,1061
942,143,1085
953,147,1100
289,204,493
302,191,493
278,205,483
283,233,516
317,228,545
514,351,865
499,345,844
489,412,901
522,427,949
547,432,979
704,238,942
661,340,1001
669,355,1024
724,279,1003
759,406,1165
956,117,1073
936,133,1069
941,141,1082
937,147,1084
920,182,1102
290,170,460
301,200,501
286,219,505
299,216,515
319,250,569
521,320,841
523,308,831
492,431,923
536,382,918
503,577,1080
623,249,872
630,268,898
761,379,1140
888,333,1221
676,450,1126
950,143,1093
938,143,1081
951,150,1101
923,167,1090
943,172,1115
298,189,487
310,212,522
332,198,530
318,226,544
528,324,852
493,362,855
507,359,866
543,453,996
648,262,910
507,716,1223
674,376,1050
656,302,958
778,527,1305
1033,347,1380
946,117,1063
954,163,1117
920,177,1097
943,183,1126
280,195,475
334,214,548
314,255,569
338,286,624
343,268,611
507,415,922
534,442,976
541,503,1044
577,533,1110
597,657,1254
735,335,1070
797,323,1120
850,309,1159
770,548,1318
976,417,1393
954,117,1071
941,148,1089
946,156,1102
946,156,1102
943,172,1115
288,136,424
319,174,493
319,182,501
306,243,549
332,226,558
486,336,822
456,443,899
494,388,882
535,329,864
550,490,1040
656,338,994
646,361,1007
771,464,1235
708,513,1221
805,550,1355
945,161,1106
943,167,1110
946,172,1118
942,172,1114
313,196,509
331,207,538
327,218,545
323,219,542
335,243,578
505,350,855
530,451,981
555,450,1005
527,503,1030
515,632,1147
667,340,1007
770,366,1136
770,417,1187
820,384,1204
948,321,1269
956,117,1073
952,143,1095
941,152,1093
941,180,1121
920,182,1102
290,159,449
312,213,525
310,255,565
338,255,593
319,276,595
481,414,895
531,394,925
562,408,970
562,393,955
562,461,1023
744,458,1202
720,441,1161
708,380,1088
723,410,1133
755,432,1187
950,117,1067
950,117,1067
937,147,1084
950,163,1113
943,196,1139
284,135,419
284,152,436
301,225,526
330,215,545
356,277,633
531,338,869
468,491,959
451,521,972
586,390,976
528,527,1055
845,320,1165
662,413,1075
815,436,1251
707,407,1114
838,376,1214
954,137,1091
920,167,1087
920,164,1084
940,172,1112
939,196,1135
308,176,484
301,193,494
329,218,547
304,278,582
352,270,622
479,440,919
496,535,1031
564,427,991
575,459,1034
734,356,1090
772,363,1135
863,456,1319
524,567,1091
881,314,1195
721,506,1227
939,138,1077
936,142,1078
952,143,1095
949,154,1103
946,162,1108
294,160,454
295,159,454
312,214,526
320,232,552
325,226,551
465,332,797
532,326,858
461,416,877
547,377,924
538,378,916
645,340,985
726,325,1051
652,373,1025
698,297,995
700,382,1082
943,148,1091
942,153,1095
935,154,1089
923,167,1090
944,176,1120
312,201,513
306,205,511
308,213,521
307,220,527
337,230,567
509,279,788
540,294,834
506,359,865
509,399,908
522,439,961
576,278,854
668,302,970
715,333,1048
612,412,1024
756,407,1163
946,117,1063
952,152,1104
919,157,1076
955,162,1117
942,173,1115
280,128,408
321,205,526
334,220,554
332,230,562
293,250,543
440,453,893
535,382,917
523,534,1057
538,501,1039
541,591,1132
773,316,1089
675,364,1039
860,377,1237
920,415,1335
817,517,1334
950,117,1067
946,117,1063
937,166,1103
923,173,1096
284,129,413
280,148,428
320,214,534
313,313,626
445,395,840
460,379,839
602,454,1056
699,355,1054
923,167,1090
517,365,882
719,383,1102
307,236,543
751,478,1229
676,352,1028
525,436,961
733,529,1262
942,133,1075
923,154,1077
920,167,1087
941,183,1124
292,213,505
294,195,489
297,211,508
341,216,557
304,236,540
484,364,848
521,369,890
495,389,884
522,371,893
523,483,1006
685,231,916
661,327,988
681,284,965
665,327,992
798,338,1136
952,117,1069
939,127,1066
950,138,1088
941,180,1121
286,164,450
271,178,449
283,174,457
305,217,522
338,256,594
481,405,886
479,396,875
482,470,952
563,419,982
533,497,1030
709,293,1002
716,426,1142
821,343,1164
734,369,1103
796,511,1307
946,143,1089
921,156,1077
935,186,1121
940,188,1128
317,187,504
306,195,501
294,191,485
345,220,565
338,279,617
510,307,817
507,367,874
478,395,873
526,409,935
580,442,1022
687,358,1045
723,266,989
690,343,1033
638,598,1236
751,368,1119
952,143,1095
947,136,1083
949,147,1096
920,154,1074
920,186,1106
300,176,476
313,176,489
312,210,522
291,251,542
323,259,582
491,342,833
489,353,842
537,383,920
528,463,991
545,424,969
665,338,1003
674,432,1106
718,257,975
677,426,1103
789,519,1308
940,117,1057
946,154,1100
946,156,1102
939,147,1086
274,144,418
319,200,519
303,221,524
317,229,546
319,226,545
450,432,882
526,327,853
512,433,945
541,390,931
533,452,985
640,287,927
746,408,1154
767,279,1046
710,373,1083
753,430,1183
946,117,1063
944,117,1061
948,136,1084
948,143,1091
920,162,1082
280,140,420
278,169,447
301,154,455
308,207,515
299,236,535
452,310,762
521,318,839
468,412,880
522,346,868
479,450,929
640,291,931
630,416,1046
640,405,1045
768,429,1197
734,501,1235
951,131,1082
920,154,1074
939,161,1100
920,167,1087
299,212,511
291,218,509
317,218,535
332,255,587
304,258,562
529,455,984
544,390,934
684,312,996
780,518,1298
504,381,885
569,531,1100
523,616,1139
675,458,1133
853,434,1287
929,424,1353
939,143,1082
953,150,1103
938,167,1105
945,172,1117
946,183,1129
320,217,537
334,197,531
299,210,509
346,240,586
322,254,576
558,380,938
536,477,1013
515,497,1012
552,517,1069
508,698,1206
804,387,1191
810,352,1162
692,426,1118
837,375,1212
1017,365,1382
940,147,1087
956,143,1099
939,154,1093
920,154,1074
920,164,1084
316,199,515
310,199,509
304,209,513
301,194,495
291,215,506
504,386,890
521,382,903
515,411,926
501,401,902
480,424,904
695,326,1021
699,392,1091
718,337,1055
725,392,1117
712,555,1267
946,117,1063
947,117,1064
950,117,1067
956,163,1119
921,176,1097
281,150,431
280,155,435
284,200,484
336,223,559
314,269,583
467,340,807
516,344,860
463,432,895
545,418,963
556,468,1024
668,356,1024
753,396,1149
660,528,1188
763,313,1076
748,487,1235
956,117,1073
940,127,1067
959,128,1087
933,138,1071
947,167,1114
290,171,461
284,205,489
288,182,470
304,259,563
331,216,547
481,285,766
511,319,830
493,422,915
529,356,885
584,380,964
592,268,860
633,328,961
713,370,1083
677,399,1076
752,441,1193
944,117,1061
940,133,1073
946,143,1089
920,154,1074
278,183,461
290,214,504
306,200,506
291,201,492
312,217,529
493,346,839
520,308,828
525,352,877
487,383,870
512,416,928
664,357,1021
622,379,1001
668,325,993
736,314,1050
677,410,1087
946,117,1063
946,117,1063
950,143,1093
919,161,1080
943,168,1111
280,130,410
280,137,417
310,201,511
297,195,492
328,212,540
442,308,750
449,399,848
517,357,874
480,428,908
628,343,971
719,302,1021
521,634,1155
681,364,1045
721,315,1036
951,330,1281
946,147,1093
950,170,1120
920,167,1087
955,167,1122
920,173,1093
310,177,487
337,228,565
339,239,578
304,268,572
310,274,584
554,351,905
560,401,961
489,495,984
544,485,1029
560,459,1019
645,344,989
815,346,1161
730,419,1149
753,374,1127
809,401,1210
946,116,1062
936,150,1086
945,147,1092
940,156,1096
944,182,1126
279,196,475
303,194,497
313,188,501
309,200,509
343,226,569
494,380,874
536,332,868
508,469,977
496,483,979
511,569,1080
650,334,984
694,378,1072
888,357,1245
789,486,1275
793,484,1277
949,117,1066
950,143,1093
950,143,1093
952,176,1128
920,164,1084
283,137,420
310,202,512
310,200,510
301,194,495
345,243,588
452,314,766
518,282,800
516,358,874
561,367,928
480,435,915
682,224,906
606,319,925
637,374,1011
729,325,1054
693,398,1091
942,117,1059
946,136,1082
944,147,1091
919,165,1084
943,172,1115
299,149,448
276,183,459
332,176,508
308,244,552
301,279,580
491,327,818
485,309,794
554,357,911
461,471,932
643,272,915
564,472,1036
626,382,1008
791,356,1147
675,470,1145
765,380,1145
946,150,1096
920,154,1074
920,158,1078
940,166,1106
295,176,471
313,212,525
307,223,530
323,214,537
291,251,542
462,299,761
522,368,890
520,438,958
537,430,967
524,539,1063
593,288,881
675,228,903
752,294,1046
724,382,1106
859,384,1243
956,143,1099
950,136,1086
956,149,1105
948,143,1091
920,167,1087
303,191,494
308,189,497
316,195,511
322,230,552
304,220,524
517,322,839
503,362,865
507,370,877
506,332,838
552,413,965
626,264,890
652,349,1001
694,344,1038
684,351,1035
743,529,1272
941,136,1077
950,153,1103
947,162,1109
948,196,1144
919,202,1121
294,168,462
320,191,511
326,203,529
338,254,592
361,288,649
475,326,801
516,323,839
507,374,881
539,427,966
602,496,1098
641,343,984
644,400,1044
698,486,1184
720,418,1138
818,335,1153
935,153,1088
918,154,1072
942,166,1108
920,167,1087
305,192,497
319,195,514
304,209,513
289,240,529
325,232,557
493,362,855
495,350,845
540,364,904
524,377,901
513,482,995
671,306,977
644,313,957
680,314,994
669,377,1046
808,401,1209
943,117,1060
942,143,1085
948,163,1111
920,183,1103
951,188,1139
277,144,421
302,168,470
328,223,551
320,209,529
356,243,599
476,330,806
495,340,835
453,493,946
537,424,961
560,561,1121
646,333,979
634,272,906
810,400,1210
746,474,1220
886,341,1227
943,143,1086
920,148,1068
919,154,1073
943,153,1096
920,183,1103
285,208,493
313,193,506
303,225,528
290,238,528
320,284,604
523,337,860
494,388,882
502,396,898
534,438,972
570,363,933
713,285,998
630,336,966
682,345,1027
755,444,1199
657,436,1093
950,137,1087
945,138,1083
920,167,1087
939,196,1135
944,196,1140
304,188,492
300,235,535
304,290,594
357,292,649
352,299,651
504,411,915
576,382,958
602,444,1046
546,568,1114
604,659,1263
735,390,1125
676,391,1067
887,331,1218
762,385,1147
972,482,1454
947,117,1064
939,147,1086
950,156,1106
953,170,1123
942,172,1114
281,155,436
303,197,500
323,221,544
331,209,540
340,231,571
468,374,842
517,305,822
537,380,917
550,429,979
502,520,1022
695,333,1028
621,314,935
704,356,1060
833,353,1186
756,526,1282
946,117,1063
953,143,1096
940,147,1087
945,157,1102
933,173,1106
280,127,407
313,190,503
304,202,506
319,224,543
323,244,567
439,414,853
535,342,877
509,451,960
543,448,991
508,576,1084
734,351,1085
661,369,1030
778,385,1163
755,335,1090
890,322,1212
950,117,1067
920,148,1068
949,152,1101
919,173,1092
938,186,1124
284,137,421
285,209,494
318,225,543
309,212,521
341,255,596
453,365,818
497,443,940
559,384,943
495,415,910
689,264,953
540,510,1050
833,255,1088
736,436,1172
696,355,1051
709,329,1038
940,117,1057
949,136,1085
942,174,1116
946,172,1118
944,117,1061
302,166,468
333,210,543
335,218,553
278,168,446
274,162,436
481,378,859
530,364,894
478,404,882
468,362,830
701,306,1007
684,359,1043
676,354,1030
518,358,876
674,374,1048
722,408,1130
920,148,1068
952,143,1095
920,161,1081
949,167,1116
942,167,1109
285,206,491
333,192,525
312,221,533
298,232,530
326,227,553
539,331,870
492,388,880
507,411,918
535,487,1022
518,540,1058
682,334,1016
734,378,1112
803,326,1129
834,348,1182
657,244,901
937,117,1054
940,127,1067
948,136,1084
921,136,1057
919,173,1092
271,156,427
301,168,469
284,172,456
274,181,455
309,277,586
468,392,860
459,422,881
478,509,987
562,396,958
482,602,1084
687,266,953
689,330,1019
823,411,1234
924,485,1409
733,398,1131
950,117,1067
918,143,1061
946,156,1102
950,154,1104
284,160,444
278,173,451
319,175,494
321,224,545
457,290,747
301,179,480
476,395,871
487,369,856
540,438,978
582,307,889
689,291,980
486,403,889
762,459,1221
718,368,1086
719,431,1150
936,147,1083
944,148,1092
946,173,1119
920,173,1093
940,176,1116
333,174,507
309,237,546
336,251,587
310,234,544
300,168,468
480,415,895
563,403,966
520,402,922
547,551,1098
470,352,822
729,333,1062
723,293,1016
696,310,1006
662,266,928
869,339,1208
948,117,1065
952,117,1069
956,117,1073
939,162,1101
938,176,1114
286,143,429
290,144,434
282,163,445
318,217,535
331,238,569
461,494,955
542,366,908
522,437,959
466,561,1027
678,318,996
750,331,1081
820,475,1295
891,494,1385
477,392,869
714,471,1185
948,117,1065
939,136,1075
282,160,442
314,171,485
292,167,459
474,405,879
920,148,1068
939,153,1092
472,487,959
800,6,806
491,386,877
285,203,488
309,193,502
727,429,1156
714,377,1091
498,388,886
489,427,916
701,302,1003
721,357,1078
891,194,1085
903,191,1094
902,198,1100
897,191,1088
302,341,643
305,346,651
317,344,661
305,349,654
311,403,714
612,503,1115
606,564,1170
598,589,1187
612,611,1223
672,584,1256
774,486,1260
887,604,1491
854,656,1510
832,892,1724
861,831,1692
898,191,1089
914,194,1108
900,191,1091
309,302,611
308,298,606
306,341,647
325,361,686
310,380,690
569,462,1031
641,486,1127
564,568,1132
648,524,1172
605,570,1175
737,526,1263
842,428,1270
774,606,1380
842,708,1550
800,699,1499
897,178,1075
900,178,1078
904,191,1095
908,191,1099
295,304,599
290,346,636
292,359,651
316,379,695
312,428,740
570,540,1110
607,599,1206
622,565,1187
653,564,1217
698,633,1331
814,432,1246
836,520,1356
911,579,1490
846,788,1634
868,842,1710
895,178,1073
909,178,1087
899,191,1090
891,191,1082
906,178,1084
304,275,579
290,299,589
301,317,618
299,383,682
307,387,694
550,445,995
652,515,1167
589,646,1235
640,596,1236
560,690,1250
728,503,1231
926,618,1544
959,607,1566
788,703,1491
861,723,1584
913,178,1091
898,178,1076
892,178,1070
900,191,1091
905,194,1099
308,329,637
287,350,637
316,337,653
293,322,615
308,402,710
608,466,1074
608,494,1102
608,613,1221
668,550,1218
586,658,1244
732,465,1197
773,492,1265
824,619,1443
900,710,1610
930,675,1605
891,178,1069
890,178,1068
897,178,1075
906,191,1097
894,191,1085
286,324,610
302,320,622
285,356,641
292,362,654
314,367,681
581,454,1035
639,514,1153
612,578,1190
625,568,1193
580,639,1219
794,485,1279
839,470,1309
719,747,1466
842,638,1480
907,666,1573
902,178,1080
899,178,1077
905,178,1083
898,191,1089
300,310,610
291,317,608
297,326,623
294,349,643
306,340,646
604,476,1080
579,525,1104
614,516,1130
581,550,1131
594,578,1172
854,489,1343
795,582,1377
789,587,1376
829,644,1473
748,806,1554
898,178,1076
889,178,1067
896,191,1087
914,191,1105
903,178,1081
284,344,628
304,370,674
293,368,661
322,378,700
298,378,676
632,544,1176
658,569,1227
632,645,1277
647,639,1286
599,487,1086
816,545,1361
857,626,1483
750,547,1297
916,590,1506
915,744,1659
899,191,1090
901,194,1095
905,194,1099
901,191,1092
309,317,626
307,351,658
316,360,676
297,369,666
312,380,692
584,544,1128
624,615,1239
878,112,990
891,112,1003
884,112,996
870,112,982
887,80,967
199,124,323
213,135,348
207,133,340
220,151,371
184,124,308
377,258,635
377,309,686
360,337,697
385,358,743
408,361,769
582,280,862
511,399,910
617,313,930
571,360,931
627,516,1143
873,112,985
877,112,989
895,112,1007
892,112,1004
203,132,335
202,148,350
206,148,354
224,164,388
221,149,370
387,263,650
391,318,709
425,330,755
407,255,662
372,391,763
522,364,886
600,410,1010
640,299,939
511,249,760
570,297,867
891,112,1003
883,112,995
884,112,996
892,129,1021
212,140,352
213,144,357
217,153,370
238,176,414
394,332,726
389,387,776
414,395,809
407,389,796
434,362,796
591,324,915
645,309,954
661,373,1034
629,445,1074
652,274,926
882,112,994
888,112,1000
888,112,1000
211,137,348
217,129,346
219,145,364
213,177,390
217,122,339
385,260,645
427,254,681
383,307,690
401,310,711
376,287,663
517,336,853
570,399,969
575,385,960
513,254,767
550,387,937
890,112,1002
872,108,980
866,130,996
881,112,993
197,107,304
871,112,983
219,145,364
213,177,390
210,138,348
200,112,312
345,343,688
409,361,770
385,327,712
401,303,704
590,311,901
602,285,887
349,331,680
583,315,898
568,331,899
577,224,801
887,112,999
875,112,987
874,112,986
863,116,979
204,136,340
216,149,365
196,140,336
203,148,351
402,236,638
388,320,708
498,361,859
569,311,880
206,130,336
369,391,760
377,300,677
373,321,694
629,248,877
550,374,924
573,254,827
878,114,992
881,112,993
889,129,1018
195,130,325
210,134,344
866,112,978
209,143,352
235,153,388
381,293,674
195,149,344
362,355,717
387,348,735
408,320,728
596,229,825
549,319,868
381,388,769
601,448,1049
584,527,1111
629,212,841
868,94,962
868,112,980
885,112,997
867,112,979
179,113,292
873,112,985
196,137,333
197,144,341
214,161,375
202,151,353
347,231,578
378,236,614
370,350,720
412,375,787
390,315,705
479,245,724
474,263,737
592,187,779
635,373,1008
563,292,855
882,112,994
872,112,984
885,112,997
890,130,1020
865,101,966
211,129,340
201,123,324
214,131,345
237,162,399
183,122,305
361,241,602
418,300,718
353,296,649
382,352,734
377,389,766
488,251,739
536,251,787
612,475,1087
646,431,1077
565,415,980
888,80,968
882,80,962
878,112,990
888,129,1017
875,112,987
185,124,309
179,145,324
207,145,352
234,166,400
204,129,333
378,350,728
393,330,723
389,377,766
420,347,767
370,328,698
587,222,809
613,229,842
630,362,992
610,393,1003
578,328,906
863,94,957
873,112,985
875,112,987
878,112,990
202,127,329
207,128,335
174,108,282
875,112,987
204,141,345
372,231,603
366,284,650
337,283,620
382,335,717
204,153,357
521,234,755
484,266,750
532,379,911
585,365,950
394,358,752
608,262,870
885,80,965
869,94,963
864,101,965
863,112,975
869,119,988
180,114,294
205,159,364
192,163,355
182,108,290
182,123,305
392,221,613
349,305,654
338,280,618
394,383,777
459,135,594
374,438,812
519,216,735
627,304,931
698,293,991
549,291,840
874,112,986
872,112,984
882,112,994
203,125,328
211,138,349
209,147,356
386,301,687
393,334,727
558,324,882
365,347,712
211,130,341
201,132,333
589,354,943
596,281,877
370,311,681
378,385,763
558,372,930
642,451,1093
885,112,997
883,112,995
865,117,982
874,112,986
214,142,356
203,129,332
212,171,383
199,163,362
882,80,962
369,274,643
393,306,699
420,278,698
394,429,823
179,114,293
523,308,831
566,294,860
669,229,898
536,398,934
362,448,810
705,334,1039
863,101,964
881,112,993
866,133,999
878,112,990
181,138,319
207,135,342
210,143,353
216,216,432
207,132,339
367,310,677
376,300,676
448,402,850
379,298,677
548,256,804
553,276,829
551,287,838
643,443,1086
390,371,761
627,292,919
884,112,996
874,112,986
865,133,998
210,131,341
881,80,961
884,112,996
874,112,986
865,133,998
203,142,345
213,136,349
215,210,425
178,120,298
386,210,596
382,322,704
864,114,978
367,277,644
195,148,343
571,275,846
441,364,805
533,310,843
378,392,770
469,402,871
604,262,866
631,303,934
881,104,985
876,112,988
888,130,1018
886,112,998
202,122,324
868,111,979
205,131,336
235,145,380
215,149,364
196,129,325
369,363,732
399,348,747
401,347,748
373,360,733
363,376,739
619,261,880
611,367,978
611,329,940
619,290,909
608,441,1049
876,112,988
893,112,1005
876,112,988
887,112,999
205,129,334
210,144,354
222,145,367
216,137,353
371,252,623
205,151,356
404,337,741
390,345,735
503,266,769
605,337,942
607,224,831
391,359,750
393,365,758
615,261,876
616,289,905
887,112,999
895,112,1007
866,112,978
872,112,984
195,143,338
224,149,373
201,165,366
216,157,373
201,133,334
410,333,743
375,429,804
403,303,706
371,325,696
550,235,785
603,333,936
572,231,803
410,324,734
670,289,959
586,385,971
867,94,961
886,112,998
889,112,1001
178,114,292
215,131,346
207,156,363
218,160,378
863,104,967
383,228,611
184,152,336
347,188,535
404,354,758
415,349,764
430,196,626
381,366,747
489,479,968
611,366,977
613,338,951
604,455,1059
895,112,1007
869,112,981
201,124,325
198,134,332
215,130,345
224,145,369
878,112,990
362,226,588
207,134,341
369,318,687
382,248,630
473,272,745
562,213,775
378,344,722
509,534,1043
406,354,760
597,335,932
624,437,1061
871,94,965
863,112,975
875,112,987
875,133,1008
880,112,992
182,99,281
204,132,336
192,145,337
209,125,334
225,144,369
374,278,652
373,309,682
385,371,756
371,386,757
516,197,713
336,215,551
621,383,1004
559,300,859
641,417,1058
461,171,632
884,80,964
866,94,960
876,112,988
889,112,1001
181,118,299
177,106,283
205,125,330
218,145,363
864,141,1005
338,251,589
222,206,428
400,275,675
368,374,742
367,358,725
492,212,704
436,310,746
633,270,903
539,385,924
609,317,926
549,242,791
892,108,1000
865,111,976
873,112,985
867,94,961
202,131,333
217,132,349
193,135,328
218,130,348
385,241,626
178,157,335
370,343,713
366,316,682
505,333,838
390,399,789
591,277,868
390,289,679
556,289,845
666,356,1022
531,265,796
888,80,968
899,108,1007
892,112,1004
891,112,1003
224,126,350
874,112,986
220,137,357
221,155,376
185,121,306
203,158,361
413,295,708
391,341,732
394,338,732
375,391,766
398,358,756
607,240,847
615,535,1150
604,403,1007
562,408,970
654,526,1180
864,101,965
869,112,981
865,112,977
889,129,1018
879,112,991
182,145,327
194,146,340
208,158,366
375,253,628
235,165,400
377,259,636
403,240,643
198,175,373
492,223,715
410,321,731
494,305,799
420,385,805
499,219,718
565,357,922
649,370,1019
896,112,1008
881,112,993
873,112,985
869,112,981
891,112,1003
198,134,332
202,138,340
225,161,386
210,161,371
220,134,354
369,323,692
423,330,753
408,409,817
391,448,839
567,233,800
665,310,975
601,474,1075
377,359,736
714,348,1062
607,336,943
889,112,1001
877,112,989
887,112,999
884,112,996
218,126,344
206,144,350
869,119,988
216,159,375
213,134,347
205,155,360
387,273,660
381,313,694
412,296,708
390,302,692
525,279,804
577,295,872
558,297,855
546,256,802
384,301,685
560,399,959
879,80,959
897,108,1005
888,112,1000
866,112,978
883,112,995
217,129,346
212,153,365
195,166,361
176,118,294
222,123,345
402,342,744
383,420,803
363,376,739
386,303,689
683,285,968
600,369,969
398,347,745
575,355,930
630,241,871
588,191,779
870,112,982
870,112,982
874,127,1001
900,129,1029
866,112,978
199,147,346
218,136,354
199,155,354
246,151,397
195,147,342
383,340,723
391,298,689
376,353,729
379,336,715
585,271,856
417,294,711
577,233,810
569,339,908
602,354,956
543,309,852
870,94,964
873,112,985
875,112,987
863,112,975
181,109,290
204,134,338
211,143,354
345,213,558
381,283,664
375,291,666
192,155,347
391,345,736
531,209,740
458,188,646
541,328,869
384,342,726
602,367,969
580,228,808
884,80,964
884,112,996
870,112,982
891,112,1003
887,129,1016
181,119,300
220,156,376
199,126,325
213,140,353
233,141,374
369,335,704
413,317,730
390,351,741
394,356,750
594,316,910
583,317,900
610,255,865
362,264,626
618,398,1016
509,347,856
885,112,997
877,112,989
893,112,1005
895,129,1024
214,130,344
206,137,343
222,160,382
241,150,391
874,112,986
203,149,352
381,298,679
419,331,750
411,351,762
389,300,689
558,273,831
599,413,1012
380,354,734
621,483,1104
549,304,853
606,392,998
886,112,998
895,112,1007
879,112,991
883,112,995
224,141,365
208,140,348
876,112,988
215,131,346
205,128,333
212,127,339
385,331,716
402,349,751
383,291,674
370,302,672
376,285,661
585,298,883
553,254,807
552,351,903
543,262,805
619,415,1034
891,112,1003
875,112,987
878,112,990
875,112,987
867,112,979
207,115,322
204,120,324
220,142,362
196,141,337
204,156,360
361,335,696
374,375,749
397,372,769
399,526,925
585,285,870
617,352,969
622,312,934
359,377,736
630,342,972
792,412,1204
988,80,1068
1063,115,1178
1075,115,1190
990,115,1105
285,113,398
407,150,557
981,115,1096
322,175,497
395,212,607
467,282,749
591,259,850
313,154,467
531,317,848
708,160,868
644,277,921
641,312,953
501,318,819
681,397,1078
673,209,882
749,405,1154
1009,115,1124
986,115,1101
1064,112,1176
341,141,482
1064,115,1179
318,152,470
393,158,551
1083,115,1198
396,174,570
516,259,775
415,201,616
504,298,802
642,239,881
658,246,904
650,289,939
604,354,958
588,245,833
683,182,865
746,278,1024
792,299,1091
987,105,1092
1002,115,1117
1023,115,1138
1065,115,1180
1084,115,1199
309,131,440
397,164,561
355,211,566
416,139,555
334,195,529
595,287,882
484,414,898
600,316,916
589,349,938
726,219,945
775,329,1104
713,213,926
563,341,904
717,291,1008
807,409,1216
993,115,1108
1000,115,1115
1030,115,1145
1086,115,1201
1009,136,1145
325,155,480
332,168,500
362,175,537
418,205,623
362,221,583
534,315,849
596,305,901
657,409,1066
514,251,765
689,193,882
688,279,967
618,256,874
869,369,1238
571,364,935
768,367,1135
985,97,1082
1018,115,1133
990,115,1105
1010,136,1146
299,137,436
334,157,491
322,190,512
350,196,546
363,182,545
488,185,673
544,161,705
580,368,948
525,405,930
546,377,923
781,296,1077
741,412,1153
760,509,1269
558,342,900
726,214,940
1080,97,1177
1078,115,1193
1007,115,1122
1002,115,1117
410,140,550
339,146,485
341,214,555
394,146,540
334,169,503
590,278,868
584,371,955
519,374,893
592,265,857
537,374,911
719,244,963
661,452,1113
750,399,1149
823,461,1284
755,346,1101
1078,115,1193
1059,115,1174
1057,115,1172
1085,112,1197
987,139,1126
391,152,543
410,156,566
389,169,558
343,202,545
592,223,815
577,380,957
414,154,568
600,446,1046
555,466,1021
605,227,832
654,359,1013
898,329,1227
686,212,898
827,424,1251
813,355,1168
1021,80,1101
1008,115,1123
1013,120,1133
1063,129,1192
988,147,1135
318,119,437
340,151,491
352,185,537
506,231,737
350,147,497
409,178,587
626,189,815
525,405,930
539,283,822
607,323,930
526,366,892
787,347,1134
645,236,881
753,244,997
760,336,1096
999,115,1114
1018,115,1133
1011,115,1126
1084,115,1199
1011,115,1126
331,166,497
350,183,533
416,181,597
343,199,542
343,199,542
531,315,846
567,349,916
631,380,1011
576,351,927
688,165,853
741,272,1013
838,324,1162
736,227,963
576,354,930
739,285,1024
1009,80,1089
982,108,1090
1062,115,1177
306,115,421
1077,115,1192
307,137,444
394,135,529
1010,136,1146
409,187,596
363,189,552
490,308,798
485,366,851
630,265,895
565,256,821
691,374,1065
716,200,916
563,358,921
640,262,902
722,293,1015
794,332,1126
1016,87,1103
983,104,1087
984,115,1099
1062,115,1177
312,148,460
316,162,478
394,163,557
320,130,450
304,156,460
591,248,839
494,311,805
512,332,844
505,215,720
684,228,912
665,196,861
690,297,987
512,300,812
690,381,1071
572,190,762
980,97,1077
1000,102,1102
988,115,1103
987,112,1099
319,107,426
985,115,1100
294,131,425
316,135,451
320,181,501
317,152,469
477,231,708
473,313,786
488,331,819
535,295,830
585,188,773
503,302,805
692,207,899
657,309,966
661,226,887
687,298,985
989,101,1090
1004,115,1119
990,115,1105
1083,136,1219
1000,117,1117
336,134,470
322,186,508
436,181,617
307,129,436
334,133,467
542,227,769
504,311,815
484,300,784
591,184,775
630,434,1064
689,282,971
663,259,922
499,295,794
891,276,1167
669,240,909
990,80,1070
1000,80,1080
1083,92,1175
1030,115,1145
1000,136,1136
297,103,400
287,115,402
392,123,515
362,200,562
353,200,553
469,259,728
471,290,761
572,262,834
596,379,975
633,288,921
654,170,824
719,259,978
783,292,1075
566,304,870
678,257,935
1020,80,1100
985,115,1100
981,115,1096
1082,130,1212
981,115,1096
317,140,457
313,165,478
317,182,499
429,179,608
313,167,480
526,304,830
514,281,795
512,252,764
698,190,888
636,223,859
533,293,826
607,232,839
627,455,1082
652,259,911
911,310,1221
1082,105,1187
1023,115,1138
1001,115,1116
1061,115,1176
997,136,1133
404,163,567
333,179,512
393,177,570
355,225,580
611,343,954
350,234,584
604,390,994
799,270,1069
614,350,964
546,345,891
825,361,1186
597,287,884
747,339,1086
720,345,1065
658,303,961
1021,80,1101
1009,115,1124
1067,115,1182
1022,139,1161
318,107,425
1057,115,1172
399,186,585
341,224,565
378,208,586
389,137,526
494,242,736
619,332,951
596,309,905
637,261,898
560,367,927
773,232,1005
600,288,888
798,284,1082
705,406,1111
671,254,925
983,105,1088
1083,112,1195
1023,115,1138
1021,120,1141
305,130,435
412,174,586
355,228,583
358,163,521
1002,115,1117
479,291,770
334,173,507
648,221,869
617,297,914
623,348,971
541,349,890
725,302,1027
805,591,1396
550,301,851
694,209,903
696,314,1010
995,80,1075
1011,115,1126
983,120,1103
997,136,1133
292,121,413
1000,80,1080
320,184,504
297,129,426
350,213,563
343,181,524
482,313,795
533,211,744
568,171,739
682,302,984
576,330,906
558,479,1037
495,258,753
701,298,999
864,440,1304
632,370,1002
986,115,1101
988,115,1103
1054,115,1169
1084,115,1199
386,149,535
416,156,572
982,136,1118
318,178,496
320,148,468
335,192,527
569,352,921
530,291,821
606,361,967
540,264,804
819,324,1143
780,355,1135
651,376,1027
620,271,891
502,329,831
691,331,1022
1018,115,1133
980,115,1095
1001,115,1116
1061,133,1194
1005,115,1120
333,171,504
350,227,577
312,152,464
337,169,506
411,174,585
538,309,847
498,279,777
540,247,787
612,312,924
626,190,816
633,192,825
684,243,927
601,366,967
704,292,996
801,413,1214
983,115,1098
992,115,1107
985,136,1121
997,115,1112
338,189,527
324,150,474
315,149,464
329,194,523
350,216,566
540,355,895
508,337,845
557,325,882
579,286,865
498,209,707
714,270,984
696,271,967
703,374,1077
566,200,766
657,405,1062
1062,112,1174
983,115,1098
984,115,1099
988,101,1089
1064,115,1179
391,150,541
315,151,466
316,165,481
306,147,453
396,151,547
578,171,749
515,252,767
500,394,894
581,332,913
607,333,940
501,404,905
751,281,1032
770,239,1009
610,203,813
766,306,1072
981,115,1096
1001,115,1116
990,115,1105
1085,115,1200
313,148,461
315,150,465
333,146,479
322,168,490
417,182,599
495,274,769
524,282,806
499,319,818
633,338,971
629,216,845
513,547,1060
676,259,935
646,282,928
922,370,1292
797,395,1192
1021,80,1101
986,100,1086
1009,115,1124
1063,115,1178
985,115,1100
318,129,447
303,122,425
395,153,548
341,182,523
582,255,837
516,370,886
317,228,545
692,201,893
765,347,1112
557,388,945
579,330,909
689,264,953
474,393,867
753,310,1063
771,315,1086
1062,80,1142
1001,115,1116
1030,115,1145
1056,115,1171
1018,115,1133
359,145,504
333,156,489
388,150,538
362,200,562
350,214,564
596,338,934
523,399,922
598,312,910
573,271,844
572,281,853
774,238,1012
742,365,1107
711,292,1003
707,368,1075
704,213,917
989,101,1090
1085,115,1200
1062,136,1198
1005,136,1141
307,138,445
415,180,595
358,191,549
1023,115,1138
417,166,583
355,210,565
493,371,864
608,486,1094
617,372,989
734,333,1067
599,306,905
562,262,824
831,207,1038
641,192,833
922,386,1308
703,213,916
981,115,1096
1001,115,1116
1022,120,1142
983,120,1103
980,115,1095
333,153,486
313,138,451
312,138,450
359,221,580
320,203,523
520,334,854
485,370,855
484,321,805
610,248,858
552,255,807
709,232,941
725,236,961
675,242,917
644,223,867
612,264,876
983,115,1098
1004,136,1140
980,115,1095
1083,115,1198
315,173,488
988,80,1068
312,170,482
415,165,580
285,122,407
357,183,540
614,300,914
522,437,959
476,354,830
757,335,1092
716,224,940
553,398,951
516,423,939
794,313,1107
776,244,1020
777,309,1086
1009,80,1089
306,100,406
475,320,795
703,245,948
970,101,1071
932,112,1044
986,115,1101
977,126,1103
983,148,1131
320,143,463
288,159,447
318,160,478
261,175,436
495,214,709
348,206,554
486,332,818
512,324,836
558,168,726
473,359,832
555,312,867
684,300,984
669,276,945
665,341,1006
683,256,939
954,71,1025
923,102,1025
887,108,995
965,112,1077
967,117,1084
242,101,343
212,138,350
242,166,408
301,182,483
294,165,459
391,229,620
421,335,756
455,310,765
490,178,668
515,386,901
607,268,875
663,195,858
496,351,847
727,504,1231
690,476,1166
966,101,1067
989,115,1104
979,117,1096
969,117,1086
284,154,438
321,161,482
313,159,472
974,115,1089
303,178,481
306,166,472
513,292,805
486,212,698
516,263,779
504,305,809
552,227,779
506,305,811
626,260,886
658,289,947
653,310,963
635,286,921
979,112,1091
970,117,1087
970,115,1085
968,129,1097
300,151,451
302,169,471
314,167,481
304,169,473
308,171,479
485,263,748
501,329,830
605,207,812
505,348,853
516,367,883
671,280,951
505,358,863
692,290,982
720,474,1194
702,306,1008
947,104,1051
928,112,1040
268,113,381
257,171,428
928,117,1045
981,104,1085
262,160,422
252,167,419
465,268,733
302,144,446
453,269,722
426,297,723
491,281,772
618,178,796
563,245,808
636,244,880
454,376,830
678,492,1170
570,293,863
977,97,1074
936,112,1048
291,147,438
265,140,405
972,126,1098
962,139,1101
442,295,737
490,441,931
318,193,511
315,151,466
605,238,843
980,112,1092
792,321,1113
309,157,466
521,296,817
632,237,869
503,245,748
599,249,848
489,306,795
652,255,907
970,80,1050
966,115,1081
896,129,1025
267,104,371
964,97,1061
298,153,451
242,190,432
278,118,396
964,101,1065
485,244,729
282,151,433
448,357,805
584,248,832
440,433,873
695,161,856
481,233,714
452,347,799
777,258,1035
571,246,817
617,245,862
964,97,1061
969,101,1070
984,101,1085
981,112,1093
917,115,1032
287,127,414
278,141,419
302,159,461
249,151,400
310,194,504
462,267,729
471,298,769
541,267,808
434,334,768
509,248,757
610,236,846
622,188,810
636,230,866
606,202,808
625,331,956
989,87,1076
893,108,1001
914,115,1029
968,126,1094
966,112,1078
293,135,428
218,148,366
246,156,402
311,154,465
295,163,458
407,346,753
490,308,798
436,410,846
495,385,880
488,281,769
613,256,869
671,355,1026
698,381,1079
623,246,869
968,101,1069
987,112,1099
992,117,1109
884,129,1013
891,133,1024
286,132,418
241,102,343
316,165,481
230,149,379
326,248,574
359,252,611
606,248,854
399,312,711
466,213,679
518,420,938
517,215,732
614,255,869
570,262,832
555,235,790
781,531,1312
964,94,1058
979,97,1076
985,112,1097
915,115,1030
892,135,1027
293,135,428
247,151,398
314,188,502
244,181,425
275,133,408
432,255,687
439,315,754
539,341,880
463,230,693
480,232,712
544,260,804
568,188,756
585,192,777
700,287,987
581,428,1009
988,115,1103
990,115,1105
973,117,1090
973,164,1137
322,156,478
307,158,465
320,172,492
975,164,1139
356,209,565
354,229,583
512,263,775
627,252,879
550,289,839
497,317,814
568,508,1076
638,256,894
664,240,904
526,341,867
855,793,1648
703,357,1060
980,101,1081
962,97,1059
934,117,1051
972,112,1084
276,127,403
298,126,424
301,159,460
268,170,438
455,279,734
939,117,1056
497,355,852
615,212,827
701,222,923
273,208,481
472,255,727
470,452,922
609,224,833
513,331,844
760,303,1063
644,289,933
975,112,1087
970,112,1082
930,117,1047
982,115,1097
299,161,460
304,165,469
925,117,1042
264,170,434
314,166,480
259,165,424
514,264,778
497,322,819
506,338,844
456,226,682
466,332,798
525,207,732
687,290,977
620,220,840
666,344,1010
636,199,835
967,94,1061
885,101,986
919,115,1034
961,115,1076
203,109,312
956,112,1068
278,90,368
293,178,471
285,168,453
251,154,405
360,310,670
423,274,697
505,306,811
490,247,737
615,152,767
569,261,830
577,179,756
641,296,937
439,264,703
557,260,817
979,117,1096
932,112,1044
892,129,1021
962,139,1101
987,115,1102
261,166,427
313,171,484
238,190,428
318,216,534
464,205,669
319,164,483
516,363,879
544,346,890
511,213,724
716,351,1067
448,319,767
682,405,1087
517,337,854
585,241,826
698,316,1014
986,115,1101
965,115,1080
881,142,1023
972,101,1073
975,101,1076
297,153,450
318,180,498
240,179,419
290,142,432
293,141,434
484,324,808
532,332,864
480,257,737
482,270,752
426,468,894
603,234,837
619,269,888
692,295,987
663,270,933
723,297,1020
976,101,1077
980,112,1092
973,112,1085
931,117,1048
975,164,1139
294,150,444
309,161,470
302,167,469
265,191,456
492,291,783
507,284,791
488,284,772
356,241,597
641,174,815
589,190,779
506,244,750
638,301,939
582,277,859
591,291,882
626,207,833
977,104,1081
953,101,1054
988,115,1103
981,126,1107
974,134,1108
298,141,439
271,163,434
324,162,486
325,186,511
482,271,753
320,168,488
509,370,879
598,240,838
636,250,886
725,205,930
522,310,832
526,367,893
672,289,961
715,339,1054
959,97,1056
917,115,1032
990,115,1105
968,117,1085
273,112,385
956,117,1073
249,146,395
322,167,489
302,179,481
290,198,488
437,232,669
429,331,760
565,193,758
513,325,838
622,254,876
523,298,821
667,283,950
520,249,769
662,283,945
579,132,711
972,101,1073
970,117,1087
939,117,1056
290,119,409
293,135,428
273,172,445
304,168,472
476,361,837
477,376,853
504,333,837
710,284,994
933,112,1045
689,238,927
677,338,1015
262,174,436
457,235,692
473,324,797
581,191,772
631,283,914
985,97,1082
983,120,1103
938,115,1053
982,134,1116
924,117,1041
299,141,440
270,192,462
333,183,516
258,180,438
492,258,750
320,168,488
470,234,704
531,310,841
496,315,811
617,292,909
517,366,883
666,292,958
627,383,1010
532,196,728
723,386,1109
965,89,1054
968,97,1065
980,115,1095
887,129,1016
980,126,1106
282,117,399
233,143,376
312,160,472
271,121,392
323,197,520
451,258,709
452,212,664
506,355,861
543,301,844
396,315,711
551,184,735
600,308,908
709,269,978
655,233,888
576,208,784
974,104,1078
972,112,1084
989,115,1104
891,129,1020
954,89,1043
295,136,431
237,137,374
260,137,397
321,207,528
476,291,767
301,192,493
457,316,773
562,299,861
394,259,653
662,310,972
530,226,756
644,186,830
572,176,748
639,231,870
524,240,764
922,117,1039
967,117,1084
904,129,1033
978,134,1112
961,97,1058
256,170,426
329,155,484
250,180,430
301,209,510
275,104,379
458,247,705
431,233,664
499,239,738
543,216,759
542,287,829
568,193,761
591,207,798
628,193,821
450,308,758
586,291,877
971,104,1075
955,112,1067
981,117,1098
986,115,1101
906,129,1035
292,124,416
284,172,456
252,158,410
315,239,554
318,144,462
586,231,817
430,289,719
496,270,766
586,237,823
461,274,735
493,316,809
569,263,832
630,232,862
619,220,839
645,297,942
959,99,1058
956,101,1057
981,115,1096
979,164,1143
274,129,403
275,125,400
313,176,489
360,221,581
980,117,1097
451,211,662
450,264,714
314,153,467
541,158,699
523,365,888
597,157,754
566,307,873
720,256,976
660,400,1060
499,313,812
667,309,976
928,117,1045
981,117,1098
895,129,1024
895,129,1024
978,80,1058
315,142,457
262,173,435
241,173,414
275,117,392
489,319,808
467,334,801
434,357,791
461,218,679
241,149,390
626,231,857
674,333,1007
636,280,916
570,166,736
410,409,819
678,258,936
924,101,1025
934,112,1046
889,129,1018
881,129,1010
235,146,381
263,165,428
227,145,372
933,112,1045
242,136,378
392,258,650
401,269,670
262,164,426
465,300,765
426,299,725
532,217,749
597,197,794
463,411,874
513,201,714
608,251,859
718,346,1064
954,112,1066
989,117,1106
974,117,1091
918,102,1020
926,101,1027
283,169,452
308,193,501
323,201,524
244,136,380
489,213,702
533,230,763
556,293,849
428,264,692
541,173,714
237,129,366
578,303,881
656,301,957
564,292,856
413,291,704
583,261,844
970,101,1071
977,115,1092
959,121,1080
1012,147,1159
887,129,1016
309,176,485
288,125,413
376,223,599
297,180,477
461,264,725
233,143,376
519,338,857
601,333,934
505,243,748
608,226,834
396,321,717
719,311,1030
689,470,1159
576,183,759
582,242,824
901,108,1009
893,115,1008
974,117,1091
983,115,1098
977,135,1112
225,118,343
226,133,359
315,153,468
329,169,498
377,245,622
308,181,489
502,274,776
512,242,754
512,192,704
400,279,679
521,296,817
631,297,928
554,229,783
644,251,895
593,244,837
960,94,1054
966,97,1063
958,101,1059
971,126,1097
982,120,1102
280,115,395
276,128,404
271,128,399
314,145,459
452,309,761
319,209,528
454,306,760
447,304,751
482,344,826
641,253,894
557,261,818
644,201,845
640,223,863
689,305,994
617,244,861
985,101,1086
974,117,1091
912,129,1041
902,151,1053
983,117,1100
303,124,427
308,193,501
270,204,474
317,154,471
475,224,699
258,162,420
533,325,858
583,191,774
503,369,872
472,365,837
673,351,1024
641,299,940
726,412,1138
440,370,810
656,356,1012
952,100,1052
927,117,1044
977,117,1094
879,128,1007
971,129,1100
317,153,470
261,182,443
311,193,504
269,135,404
536,243,779
490,301,791
453,305,758
646,222,868
631,206,837
224,172,396
475,246,721
594,314,908
547,223,770
417,375,792
628,299,927
980,80,1060
977,101,1078
928,112,1040
931,112,1043
911,115,1026
243,166,409
257,174,431
295,134,429
277,113,390
468,222,690
443,331,774
477,232,709
459,222,681
524,163,687
260,193,453
583,193,776
576,200,776
616,282,898
490,369,859
674,259,933
982,97,1079
979,101,1080
985,117,1102
980,134,1114
970,101,1071
297,119,416
296,155,451
319,152,471
288,133,421
331,188,519
503,321,824
469,251,720
503,362,865
677,204,881
464,308,772
595,233,828
534,356,890
721,305,1026
661,301,962
710,400,1110
981,80,1061
970,101,1071
968,97,1065
898,107,1005
977,115,1092
282,124,406
222,122,344
288,129,417
278,113,391
465,220,685
458,267,725
564,192,756
309,170,479
609,247,856
460,410,870
386,306,692
765,227,992
513,388,901
578,279,857
739,358,1097
971,101,1072
970,115,1085
1002,115,1117
959,97,1056
289,136,425
878,114,992
273,134,407
302,197,499
334,226,560
533,261,794
594,294,888
209,167,376
473,239,712
459,303,762
411,282,693
584,271,855
636,237,873
605,238,843
534,289,823
670,287,957
973,115,1088
973,120,1093
975,97,1072
986,134,1120
289,119,408
984,115,1099
305,185,490
310,156,466
316,176,492
337,195,532
495,322,817
460,328,788
526,366,892
669,225,894
547,315,862
677,257,934
524,304,828
651,335,986
675,239,914
724,388,1112
981,104,1085
946,100,1046
977,117,1094
906,112,1018
263,99,362
311,148,459
973,126,1099
235,147,382
411,272,683
316,162,478
491,231,722
302,136,438
419,299,718
592,195,787
582,224,806
501,271,772
483,241,724
618,234,852
596,228,824
579,237,816
961,88,1049
967,92,1059
933,112,1045
887,129,1016
955,129,1084
266,73,339
276,94,370
262,180,442
301,163,464
233,156,389
400,273,673
427,222,649
608,170,778
484,382,866
563,217,780
711,257,968
409,420,829
681,295,976
479,296,775
603,275,878
987,104,1091
919,115,1034
901,133,1034
890,129,1019
251,147,398
308,162,470
981,117,1098
236,124,360
251,187,438
315,163,478
380,220,600
515,244,759
432,390,822
454,302,756
484,186,670
577,225,802
605,326,931
683,397,1080
510,304,814
659,318,977
962,88,1050
892,115,1007
915,102,1017
980,133,1113
972,97,1069
267,79,346
286,155,441
234,125,359
224,131,355
330,196,526
407,315,722
493,246,739
592,212,804
389,404,793
542,233,775
651,244,895
670,234,904
587,210,797
406,295,701
584,280,864
936,112,1048
956,117,1073
977,101,1078
982,117,1099
1023,117,1140
316,175,491
295,161,456
290,178,468
504,244,748
265,178,443
500,231,731
357,192,549
523,402,925
561,188,749
595,365,960
758,345,1103
480,349,829
581,344,925
659,349,1008
741,330,1071
967,99,1066
942,117,1059
884,129,1013
937,112,1049
969,112,1081
276,158,434
283,83,366
266,170,436
298,172,470
416,252,668
230,156,386
466,329,795
473,320,793
593,225,818
406,255,661
645,308,953
513,189,702
631,281,912
507,383,890
726,284,1010
972,101,1073
898,115,1013
943,112,1055
230,118,348
938,117,1055
290,164,454
899,115,1014
272,171,443
272,142,414
502,278,780
480,365,845
382,350,732
231,121,352
446,316,762
624,265,889
622,193,815
682,326,1008
386,306,692
579,285,864
628,500,1128
970,101,1071
975,112,1087
966,117,1083
983,134,1117
969,103,1072
300,142,442
334,203,537
289,149,438
288,143,431
484,234,718
304,153,457
552,327,879
479,210,689
494,212,706
577,207,784
474,221,695
554,185,739
561,185,746
684,299,983
561,261,822
953,100,1053
964,103,1067
928,112,1040
988,115,1103
981,129,1110
284,127,411
270,102,372
320,176,496
327,155,482
257,202,459
502,275,777
496,324,820
457,399,856
630,242,872
626,247,873
737,201,938
421,288,709
615,179,794
530,391,921
753,320,1073
956,93,1049
984,101,1085
966,101,1067
939,112,1051
978,117,1095
266,98,364
284,159,443
302,170,472
268,172,440
312,175,487
420,303,723
520,214,734
633,163,796
519,355,874
477,354,831
572,229,801
707,321,1028
491,244,735
667,331,998
584,226,810
890,130,1020
903,153,1056
892,150,1042
913,161,1074
237,155,392
273,240,513
896,203,1099
291,186,477
465,372,837
509,414,923
259,233,492
411,342,753
659,404,1063
491,375,866
606,367,973
691,593,1284
641,505,1146
316,278,594
540,384,924
654,489,1143
892,172,1064
902,203,1105
916,217,1133
901,150,1051
898,134,1032
281,278,559
249,184,433
322,274,596
268,231,499
536,358,894
350,302,652
448,440,888
712,483,1195
584,524,1108
498,466,964
542,481,1023
624,462,1086
741,520,1261
757,551,1308
814,435,1249
894,130,1024
892,130,1022
905,150,1055
890,150,1040
239,207,446
241,166,407
257,176,433
465,401,866
272,189,461
426,384,810
432,369,801
899,136,1035
652,413,1065
669,768,1437
633,564,1197
252,188,440
460,361,821
453,432,885
640,391,1031
705,485,1190
903,134,1037
905,150,1055
892,150,1042
254,218,472
272,194,466
902,148,1050
267,218,485
259,201,460
487,449,936
486,402,888
726,505,1231
678,552,1230
459,425,884
894,130,1024
465,459,924
241,184,425
691,565,1256
738,426,1164
444,484,928
752,452,1204
897,131,1028
892,130,1022
901,152,1053
899,158,1057
912,144,1056
239,163,402
245,206,451
274,172,446
270,163,433
273,201,474
437,347,784
421,443,864
430,375,805
479,450,929
620,497,1117
650,493,1143
736,540,1276
469,416,885
709,455,1164
687,469,1156
896,127,1023
902,144,1046
890,150,1040
892,187,1079
240,164,404
263,219,482
906,193,1099
426,336,762
257,215,472
487,422,909
316,302,618
296,262,558
606,465,1071
471,398,869
574,410,984
520,339,859
690,440,1130
605,476,1081
662,687,1349
698,762,1460
889,130,1019
902,127,1029
889,136,1025
896,150,1046
897,150,1047
236,164,400
246,184,430
242,181,423
263,214,477
264,157,421
436,392,828
476,400,876
452,341,793
419,361,780
655,547,1202
617,491,1108
670,427,1097
624,590,1214
420,368,788
639,480,1119
892,150,1042
902,150,1052
898,187,1085
897,136,1033
259,202,461
269,228,497
250,178,428
899,203,1102
460,433,893
496,404,900
441,396,837
319,275,594
302,242,544
699,506,1205
680,528,1208
540,440,980
667,361,1028
506,471,977
713,537,1250
743,496,1239
891,158,1049
893,158,1051
910,170,1080
897,176,1073
895,150,1045
268,229,497
297,228,525
266,235,501
262,229,491
290,260,550
492,425,917
504,451,955
488,396,884
490,518,1008
523,479,1002
690,408,1098
735,461,1196
663,617,1280
750,418,1168
787,516,1303
897,130,1027
893,150,1043
909,203,1112
244,177,421
892,150,1042
260,222,482
897,150,1047
329,272,601
259,201,460
440,378,818
264,205,469
481,443,924
547,412,959
468,367,835
649,468,1117
695,402,1097
710,426,1136
459,493,952
638,531,1169
759,430,1189
910,168,1078
912,168,1080
901,187,1088
897,203,1100
895,219,1114
297,244,541
305,273,578
317,281,598
295,230,525
540,458,998
331,281,612
522,625,1147
506,402,908
733,428,1161
543,369,912
686,473,1159
764,416,1180
638,713,1351
911,480,1391
889,130,1019
894,150,1044
895,150,1045
892,153,1045
236,171,407
261,188,449
262,215,477
262,228,490
426,395,821
448,395,843
476,389,865
486,424,910
658,411,1069
658,430,1088
663,514,1177
690,452,1142
892,150,1042
259,209,468
467,374,841
640,514,1154
895,130,1025
891,130,1021
238,173,411
242,173,415
241,204,445
890,130,1020
897,168,1065
434,379,813
430,357,787
282,244,526
464,411,875
237,169,406
679,310,989
425,377,802
648,495,1143
507,520,1027
622,620,1242
641,433,1074
791,596,1387
905,147,1052
906,150,1056
898,158,1056
894,150,1044
911,203,1114
273,179,452
273,197,470
269,233,502
261,231,492
443,383,826
504,310,814
469,400,869
331,305,636
491,430,921
655,509,1164
698,393,1091
582,452,1034
589,483,1072
680,664,1344
737,647,1384
898,161,1059
897,187,1084
897,204,1101
896,203,1099
903,203,1106
276,216,492
318,272,590
323,277,600
480,390,870
301,238,539
535,355,890
316,254,570
546,442,988
626,391,1017
501,433,934
719,695,1414
662,504,1166
516,427,943
704,510,1214
697,681,1378
896,150,1046
898,152,1050
895,158,1053
263,198,461
270,216,486
267,191,458
902,130,1032
908,148,1056
477,386,863
460,387,847
249,173,422
273,218,491
441,343,784
657,490,1147
492,512,1004
655,506,1161
619,420,1039
794,461,1255
455,434,889
706,421,1127
892,130,1022
891,150,1041
888,150,1038
898,176,1074
258,187,445
255,233,488
239,185,424
898,187,1085
291,232,523
444,401,845
302,240,542
443,426,869
487,606,1093
496,459,955
666,475,1141
504,507,1011
692,486,1178
779,564,1343
731,464,1195
868,426,1294
893,150,1043
893,150,1043
260,187,447
892,150,1042
910,203,1113
888,130,1018
260,205,465
330,253,583
446,470,916
259,213,472
235,160,395
464,418,882
529,466,995
471,461,932
737,435,1172
414,427,841
727,405,1132
750,500,1250
689,540,1229
685,462,1147
891,130,1021
890,150,1040
895,158,1053
914,130,1044
257,223,480
238,170,408
261,168,429
903,187,1090
479,384,863
307,258,565
270,221,491
427,452,879
448,334,782
648,421,1069
527,443,970
482,363,845
717,546,1263
622,528,1150
720,420,1140
632,406,1038
892,130,1022
905,150,1055
901,161,1062
903,187,1090
925,203,1128
239,177,416
272,189,461
279,286,565
307,258,565
345,266,611
435,400,835
460,417,877
527,404,931
553,493,1046
696,515,1211
666,594,1260
557,469,1026
681,577,1258
768,460,1228
768,491,1259
906,146,1052
897,150,1047
905,150,1055
898,187,1085
893,146,1039
264,206,470
302,257,559
272,201,473
521,433,954
256,209,465
472,405,877
469,350,819
269,194,463
468,328,796
705,506,1211
684,499,1183
466,356,822
621,595,1216
595,481,1076
636,517,1153
906,150,1056
909,152,1061
899,158,1057
892,158,1050
267,174,441
906,136,1042
278,206,484
259,194,453
481,378,859
432,457,889
466,391,857
273,191,464
274,206,480
661,340,1001
463,402,865
471,465,936
671,456,1127
723,380,1103
682,619,1301
738,602,1340
901,136,1037
895,150,1045
894,148,1042
914,168,1082
254,190,444
262,211,473
259,223,482
299,274,573
896,150,1046
472,409,881
457,478,935
483,442,925
554,509,1063
263,206,469
678,501,1179
468,346,814
797,425,1222
616,467,1083
753,499,1252
710,487,1197
900,130,1030
892,130,1022
895,148,1043
900,203,1103
247,170,417
320,291,611
239,174,413
260,212,472
436,383,819
272,158,430
473,419,892
432,484,916
657,426,1083
557,397,954
427,380,807
750,462,1212
688,568,1256
657,469,1126
671,698,1369
906,130,1036
896,150,1046
892,150,1042
896,158,1054
907,216,1123
263,155,418
253,189,442
259,228,487
271,264,535
461,395,856
486,369,855
417,394,811
340,253,593
635,548,1183
664,497,1161
526,424,950
675,417,1092
694,534,1228
526,492,1018
773,559,1332
891,130,1021
898,130,1028
893,150,1043
888,161,1049
917,203,1120
238,171,409
260,196,456
266,258,524
245,176,421
337,253,590
428,380,808
455,465,920
512,433,945
536,427,963
645,483,1128
695,401,1096
732,521,1253
440,327,767
718,514,1232
599,470,1069
890,130,1020
892,131,1023
892,158,1050
895,158,1053
240,175,415
908,127,1035
270,209,479
237,169,406
252,197,449
433,395,828
470,376,846
425,399,824
267,198,465
471,421,892
661,384,1045
663,467,1130
645,492,1137
456,447,903
713,523,1236
703,414,1117
911,130,1041
891,150,1041
902,153,1055
901,177,1078
906,187,1093
258,202,460
272,208,480
295,303,598
310,252,562
258,207,465
479,337,816
622,478,1100
570,391,961
524,563,1087
666,539,1205
476,498,974
843,557,1400
464,392,856
774,314,1088
657,419,1076
896,130,1026
897,150,1047
901,203,1104
919,203,1122
900,150,1050
243,221,464
321,253,574
267,222,489
483,375,858
264,238,502
339,279,618
488,478,966
501,425,926
645,442,1087
520,577,1097
696,399,1095
752,579,1331
564,465,1029
852,712,1564
758,669,1427
893,158,1051
904,207,1111
902,187,1089
268,220,488
895,150,1045
306,253,559
328,246,574
479,383,862
262,165,427
898,150,1048
521,408,929
265,200,465
650,460,1110
426,489,915
758,521,1279
516,593,1109
464,378,842
871,431,1302
684,476,1160
650,410,1060
891,150,1041
891,168,1059
898,203,1101
902,152,1054
258,206,464
264,213,477
271,158,429
276,231,507
476,459,935
318,269,587
730,391,1121
488,399,887
533,453,986
463,418,881
683,371,1054
725,655,1380
426,357,783
664,529,1193
633,419,1052
895,136,1031
891,150,1041
893,158,1051
915,187,1102
248,216,464
258,213,471
319,232,551
268,214,482
477,376,853
470,388,858
898,150,1048
265,245,510
513,638,1151
645,495,1140
653,516,1169
473,485,958
927,421,1348
752,595,1347
509,435,944
707,551,1258
897,131,1028
911,136,1047
905,150,1055
898,150,1048
898,203,1101
272,201,473
265,231,496
245,194,439
318,297,615
264,216,480
472,348,820
495,414,909
561,444,1005
457,352,809
627,482,1109
686,511,1197
716,447,1163
493,465,958
623,363,986
750,414,1164
891,136,1027
893,147,1040
893,153,1046
900,168,1068
887,130,1017
244,192,436
234,179,413
285,269,554
257,206,463
263,238,501
432,393,825
497,550,1047
535,374,909
449,451,900
465,358,823
654,406,1060
625,432,1057
716,479,1195
817,435,1252
648,524,1172
893,153,1046
893,150,1043
921,158,1079
263,218,481
296,230,526
896,203,1099
260,248,508
890,130,1020
477,373,850
517,409,926
237,217,454
316,278,594
640,451,1091
473,370,843
704,449,1153
540,453,993
507,503,1010
723,570,1293
770,587,1357
634,409,1043
894,132,1026
896,158,1054
910,187,1097
899,176,1075
898,187,1085
243,168,411
271,252,523
292,263,555
302,241,543
428,348,776
314,267,581
617,526,1143
543,425,968
505,616,1121
514,425,939
528,424,952
697,408,1105
888,507,1395
695,363,1058
709,461,1170
893,146,1039
898,152,1050
256,214,470
267,265,532
901,176,1077
894,136,1030
294,236,530
247,205,452
895,130,1025
473,468,941
465,378,843
242,185,427
529,473,1002
646,519,1165
446,394,840
503,388,891
735,545,1280
663,435,1098
663,496,1159
745,518,1263
889,150,1039
910,158,1068
904,160,1064
905,187,1092
285,167,452
256,184,440
281,224,505
899,203,1102
309,268,577
439,398,837
494,388,882
443,418,861
666,424,1090
319,269,588
702,537,1239
539,451,990
534,388,922
661,497,1158
730,527,1257
661,669,1330
897,136,1033
892,130,1022
917,150,1067
239,156,395
250,141,391
891,150,1041
284,206,490
258,203,461
894,130,1024
414,379,793
404,402,806
489,432,921
241,217,458
645,392,1037
477,406,883
460,420,880
673,391,1064
685,373,1058
674,553,1227
723,542,1265
892,150,1042
896,150,1046
904,150,1054
259,187,446
902,152,1054
271,197,468
271,156,427
903,216,1119
467,403,870
445,436,881
336,269,605
263,185,448
424,350,774
447,361,808
702,482,1184
681,418,1099
631,424,1055
538,584,1122
626,472,1098
861,489,1350
894,148,1042
896,203,1099
904,150,1054
903,136,1039
316,296,612
256,185,441
891,136,1027
259,247,506
271,168,439
558,367,925
244,190,434
507,443,950
454,355,809
637,556,1193
438,426,864
711,593,1304
447,412,859
632,438,1070
677,476,1153
704,536,1240
899,132,1031
894,150,1044
261,214,475
900,187,1087
911,168,1079
896,136,1032
249,224,473
248,163,411
304,254,558
428,429,857
296,246,542
486,367,853
702,472,1174
474,502,976
523,505,1028
520,464,984
770,465,1235
738,479,1217
637,490,1127
790,580,1370
912,136,1048
889,150,1039
900,187,1087
897,148,1045
890,130,1020
256,252,508
304,247,551
237,171,408
265,173,438
507,458,965
262,211,473
427,506,933
451,406,857
513,456,969
721,480,1201
474,430,904
692,577,1269
730,500,1230
770,321,1091
701,463,1164
899,136,1035
902,187,1089
252,191,443
913,158,1071
306,240,546
892,187,1079
906,190,1096
288,192,480
296,283,579
508,438,946
471,501,972
541,375,916
456,382,838
641,502,1143
714,458,1172
313,311,624
788,466,1254
655,504,1159
583,419,1002
699,450,1149
892,136,1028
890,150,1040
912,150,1062
245,180,425
909,187,1096
257,188,445
279,151,430
908,203,1111
444,394,838
313,239,552
438,439,877
328,278,606
429,474,903
658,635,1293
514,348,862
552,524,1076
760,459,1219
705,555,1260
806,407,1213
631,466,1097
894,130,1024
902,144,1046
892,145,1037
896,148,1044
241,184,425
897,158,1055
261,197,458
263,216,479
254,216,470
272,182,454
484,381,865
459,359,818
444,472,916
445,456,901
629,537,1166
657,472,1129
474,463,937
727,612,1339
729,437,1166
740,526,1266
898,150,1048
910,203,1113
893,150,1043
265,204,469
895,150,1045
901,150,1051
260,228,488
468,337,805
262,219,481
487,468,955
268,207,475
330,258,588
480,434,914
474,348,822
735,420,1155
534,387,921
623,370,993
671,448,1119
703,463,1166
609,499,1108
907,127,1034
895,158,1053
896,150,1046
251,172,423
898,176,1074
904,126,1030
270,218,488
263,171,434
247,169,416
291,257,548
445,354,799
439,413,852
479,416,895
635,432,1067
691,464,1155
521,419,940
685,463,1148
433,522,955
792,585,1377
691,452,1143
908,190,1098
892,130,1022
892,130,1022
908,150,1058
239,175,414
239,172,411
903,148,1051
275,199,474
268,221,489
430,403,833
315,252,567
433,494,927
473,456,929
490,440,930
526,432,958
738,531,1269
760,470,1230
669,915,1584
717,770,1487
714,412,1126
888,130,1018
893,150,1043
902,136,1038
900,136,1036
893,150,1043
235,170,405
255,201,456
253,211,464
260,174,434
260,182,442
433,334,767
424,516,940
441,537,978
601,506,1107
469,452,921
477,427,904
701,624,1325
778,569,1347
804,745,1549
728,597,1325
1073,172,1245
1072,195,1267
462,242,704
1082,189,1271
484,236,720
1078,172,1250
1078,182,1260
477,210,687
467,271,738
674,572,1246
681,636,1317
488,248,736
1018,502,1520
715,416,1131
654,562,1216
696,491,1187
1083,389,1472
947,371,1318
1014,566,1580
868,466,1334
1073,172,1245
1103,205,1308
1090,172,1262
1063,178,1241
1059,172,1231
462,226,688
458,236,694
448,211,659
525,267,792
479,219,698
665,458,1123
736,598,1334
665,411,1076
675,465,1140
905,412,1317
848,418,1266
636,438,1074
1075,475,1550
871,431,1302
929,503,1432
1080,186,1266
1116,190,1306
1096,205,1301
483,232,715
523,232,755
1118,202,1320
678,472,1150
1048,162,1210
714,431,1145
704,472,1176
427,274,701
537,255,792
921,358,1279
739,525,1264
942,500,1442
688,489,1177
926,470,1396
1017,478,1495
911,582,1493
1076,156,1232
1095,191,1286
1086,205,1291
1153,154,1307
449,166,615
508,250,758
524,226,750
503,256,759
1073,172,1245
462,228,690
608,401,1009
702,435,1137
717,468,1185
667,510,1177
895,483,1378
937,374,1311
851,406,1257
957,554,1511
745,490,1235
1017,321,1338
1069,172,1241
1066,162,1228
1086,205,1291
1135,205,1340
1111,180,1291
458,257,715
508,265,773
508,194,702
557,260,817
717,454,1171
692,484,1176
671,526,1197
914,375,1289
1011,275,1286
761,369,1130
927,562,1489
878,400,1278
445,199,644
631,454,1085
894,327,1221
1107,152,1259
1095,189,1284
1171,171,1342
476,250,726
1089,205,1294
559,230,789
511,251,762
501,250,751
1101,195,1296
706,474,1180
767,454,1221
723,496,1219
937,340,1277
513,246,759
999,316,1315
713,397,1110
872,280,1152
711,423,1134
977,604,1581
892,436,1328
1083,182,1265
1124,191,1315
1132,205,1337
1103,197,1300
532,213,745
482,262,744
554,263,817
517,242,759
703,440,1143
711,477,1188
761,414,1175
531,245,776
920,391,1311
938,445,1383
711,458,1169
730,405,1135
954,402,1356
915,504,1419
898,365,1263
1068,193,1261
1092,195,1287
1132,205,1337
1088,195,1283
478,236,714
504,224,728
1080,205,1285
502,252,754
554,266,820
500,235,735
682,453,1135
670,556,1226
998,398,1396
919,496,1415
764,584,1348
698,484,1182
689,488,1177
950,509,1459
1090,466,1556
938,597,1535
1064,182,1246
1136,205,1341
1102,191,1293
463,202,665
1089,205,1294
1176,191,1367
510,259,769
632,395,1027
558,273,831
833,410,1243
511,259,770
584,215,799
775,427,1202
727,405,1132
714,501,1215
757,547,1304
881,466,1347
937,467,1404
1097,401,1498
964,550,1514
1087,189,1276
1107,216,1323
1084,216,1300
1071,163,1234
1118,189,1307
493,219,712
517,287,804
524,236,760
540,270,810
737,473,1210
743,526,1269
720,524,1244
931,325,1256
451,224,675
672,485,1157
946,387,1333
661,508,1169
1016,436,1452
1007,546,1553
953,528,1481
1091,189,1280
1099,205,1304
1082,182,1264
1141,191,1332
481,214,695
1064,162,1226
521,263,784
549,362,911
662,586,1248
497,223,720
443,208,651
680,447,1127
869,755,1624
1042,395,1437
638,577,1215
728,689,1417
912,424,1336
1162,343,1505
1015,362,1377
1270,428,1698
1072,172,1244
1092,176,1268
1120,215,1335
1241,180,1421
1115,205,1320
461,269,730
552,254,806
485,287,772
638,233,871
537,241,778
745,413,1158
740,580,1320
840,427,1267
707,521,1228
879,402,1281
1074,392,1466
967,404,1371
722,445,1167
1042,318,1360
934,526,1460
1093,177,1270
1138,202,1340
1096,215,1311
1069,162,1231
1089,195,1284
487,248,735
557,242,799
528,236,764
448,182,630
707,419,1126
698,439,1137
617,565,1182
909,435,1344
501,245,746
1008,542,1550
886,450,1336
746,466,1212
700,484,1184
947,410,1357
978,562,1540
1072,146,1218
1076,172,1248
1128,189,1317
1090,205,1295
1111,205,1316
435,228,663
465,218,683
534,223,757
533,263,796
512,251,763
666,448,1114
660,462,1122
707,411,1118
894,478,1372
717,380,1097
875,594,1469
740,471,1211
882,541,1423
912,398,1310
956,428,1384
1078,180,1258
1103,205,1308
1100,206,1306
475,244,719
1075,205,1280
523,258,781
1097,205,1302
497,276,773
525,239,764
717,602,1319
688,373,1061
1051,591,1642
708,452,1160
929,321,1250
724,626,1350
1100,579,1679
825,491,1316
519,252,771
715,479,1194
950,460,1410
1066,172,1238
1094,215,1309
455,228,683
1069,205,1274
1116,205,1321
526,254,780
491,258,749
538,264,802
660,399,1059
693,572,1265
1015,389,1404
714,354,1068
822,432,1254
746,479,1225
839,360,1199
1069,182,1251
969,428,1397
468,241,709
676,460,1136
903,550,1453
1107,165,1272
1076,193,1269
1062,182,1244
1077,195,1272
1073,182,1255
461,214,675
489,236,725
489,233,722
472,226,698
642,482,1124
486,254,740
665,506,1171
679,565,1244
918,475,1393
706,430,1136
696,490,1186
911,439,1350
940,468,1408
953,349,1302
1016,523,1539
1061,162,1223
1082,169,1251
1064,162,1226
443,178,621
440,238,678
665,537,1202
972,443,1415
1118,156,1274
1121,205,1326
543,271,814
491,220,711
608,392,1000
830,385,1215
758,450,1208
704,334,1038
945,405,1350
826,506,1332
468,228,696
676,420,1096
876,402,1278
1084,142,1226
1084,195,1279
1129,195,1324
1062,182,1244
443,189,632
1099,205,1304
541,221,762
496,214,710
639,463,1102
461,224,685
521,274,795
921,423,1344
664,449,1113
652,481,1133
716,454,1170
739,424,1163
907,491,1398
917,437,1354
897,416,1313
957,717,1674
1080,160,1240
1170,177,1347
1084,182,1266
564,223,787
1075,205,1280
457,250,707
1117,178,1295
483,232,715
512,273,785
696,483,1179
682,517,1199
497,263,760
937,301,1238
975,665,1640
704,502,1206
756,445,1201
759,455,1214
936,383,1319
951,494,1445
999,366,1365
1091,162,1253
1073,182,1255
1092,178,1270
1092,230,1322
1059,146,1205
472,226,698
487,261,748
470,217,687
665,394,1059
719,498,1217
539,304,843
964,404,1368
422,184,606
762,547,1309
674,506,1180
1013,359,1372
841,410,1251
971,400,1371
609,402,1011
835,345,1180
1117,154,1271
1060,182,1242
1114,164,1278
1096,205,1301
459,203,662
488,231,719
495,211,706
1060,182,1242
459,242,701
691,463,1154
714,477,1191
629,389,1018
518,296,814
951,377,1328
968,389,1357
668,528,1196
823,466,1289
962,514,1476
758,470,1228
940,621,1561
1088,205,1293
1075,162,1237
1124,189,1313
1139,215,1354
454,180,634
510,255,765
530,228,758
571,239,810
709,528,1237
1114,160,1274
718,485,1203
744,443,1187
990,518,1508
491,220,711
621,522,1143
983,482,1465
700,479,1179
971,565,1536
956,453,1409
967,446,1413
1072,182,1254
1103,154,1257
1061,162,1223
471,225,696
1105,195,1300
440,201,641
1117,172,1289
474,245,719
517,217,734
506,242,748
628,505,1133
714,496,1210
663,518,1181
688,377,1065
725,376,1101
964,362,1326
973,359,1332
940,506,1446
856,503,1359
867,374,1241
1090,150,1240
1062,171,1233
1144,211,1355
1093,182,1275
1066,162,1228
450,225,675
492,215,707
572,271,843
445,226,671
653,421,1074
674,499,1173
457,201,658
781,494,1275
857,542,1399
657,483,1140
966,368,1334
658,527,1185
947,423,1370
967,526,1493
1012,484,1496
1076,182,1258
1076,205,1281
1086,195,1281
475,196,671
498,257,755
1094,172,1266
1071,173,1244
498,249,747
461,206,667
699,449,1148
483,209,692
701,436,1137
899,359,1258
643,481,1124
926,427,1353
896,480,1376
638,488,1126
938,308,1246
669,425,1094
893,329,1222
1124,152,1276
1063,172,1235
1119,197,1316
1101,205,1306
452,261,713
533,244,777
523,271,794
690,480,1170
729,559,1288
1154,205,1359
738,422,1160
749,406,1155
1052,432,1484
576,247,823
917,389,1306
897,452,1349
767,490,1257
904,389,1293
1018,465,1483
1059,157,1216
1099,189,1288
1070,182,1252
1128,215,1343
433,180,613
469,237,706
560,243,803
1118,189,1307
605,458,1063
505,267,772
737,437,1174
673,380,1053
524,228,752
732,453,1185
891,312,1203
824,389,1213
939,384,1323
926,530,1456
712,574,1286
1066,407,1473
1060,172,1232
1068,178,1246
1107,182,1289
1104,195,1299
449,233,682
463,224,687
506,222,728
659,486,1145
516,218,734
920,383,1303
658,418,1076
695,397,1092
1179,187,1366
860,359,1219
583,234,817
878,356,1234
688,475,1163
779,352,1131
953,482,1435
905,515,1420
1117,189,1306
1060,164,1224
1083,152,1235
1054,162,1216
523,217,740
452,234,686
433,208,641
1059,182,1241
458,236,694
441,229,670
628,438,1066
700,447,1147
683,570,1253
661,412,1073
845,364,1209
1027,475,1502
866,430,1296
655,408,1063
938,483,1421
842,386,1228
1069,172,1241
1086,156,1242
1080,172,1252
1109,205,1314
1111,205,1316
531,264,795
458,232,690
459,204,663
469,230,699
533,285,818
656,424,1080
739,411,1150
884,615,1499
676,418,1094
762,475,1237
894,562,1456
667,368,1035
960,499,1459
811,375,1186
872,493,1365
1063,195,1258
1176,206,1382
1094,205,1299
1077,178,1255
599,238,837
472,239,711
1063,198,1261
516,298,814
780,430,1210
682,431,1113
475,249,724
758,549,1307
980,436,1416
882,487,1369
478,276,754
678,503,1181
1017,527,1544
940,421,1361
705,390,1095
827,484,1311
1065,133,1198
1061,146,1207
1122,191,1313
415,183,598
1064,162,1226
530,259,789
1107,206,1313
443,184,627
424,218,642
614,445,1059
530,256,786
614,421,1035
747,456,1203
884,315,1199
645,332,977
859,471,1330
729,355,1084
767,354,1121
952,532,1484
836,390,1226
1074,156,1230
1076,178,1254
447,202,649
1148,174,1322
471,259,730
1134,189,1323
540,239,779
642,537,1179
539,297,836
701,388,1089
985,424,1409
811,476,1287
1081,172,1253
838,380,1218
470,250,720
998,514,1512
739,632,1371
697,515,1212
1140,335,1475
970,500,1470
1114,150,1264
1111,189,1300
1063,205,1268
1085,205,1290
481,203,684
1066,172,1238
485,292,777
507,249,756
455,229,684
517,249,766
721,479,1200
700,475,1175
661,455,1116
916,316,1232
895,421,1316
726,465,1191
934,501,1435
950,676,1626
683,496,1179
984,434,1418
1079,152,1231
1123,205,1328
1085,226,1311
1141,191,1332
1083,162,1245
448,222,670
462,196,658
549,227,776
667,416,1083
528,265,793
734,438,1172
545,262,807
716,437,1153
645,518,1163
751,409,1160
975,455,1430
869,473,1342
896,450,1346
953,301,1254
906,335,1241
1084,180,1264
1149,191,1340
1067,198,1265
1069,182,1251
557,238,795
468,268,736
1065,182,1247
482,279,761
481,266,747
753,449,1202
464,281,745
712,451,1163
712,533,1245
972,397,1369
716,484,1200
890,429,1319
974,354,1328
703,519,1222
942,564,1506
962,499,1461
1057,152,1209
1091,162,1253
1100,150,1250
426,183,609
1095,172,1267
467,174,641
1081,191,1272
606,498,1104
484,225,709
929,430,1359
640,488,1128
489,269,758
470,216,686
673,392,1065
716,476,1192
686,437,1123
962,437,1399
857,395,1252
906,422,1328
931,362,1293
1096,162,1258
1072,205,1277
475,188,663
1094,205,1299
494,250,744
1086,182,1268
1109,172,1281
485,220,705
650,430,1080
516,258,774
688,483,1171
498,255,753
900,435,1335
730,421,1151
672,482,1154
718,464,1182
904,435,1339
929,553,1482
942,537,1479
932,512,1444
1080,189,1269
1088,195,1283
1072,205,1277
1093,215,1308
1105,205,1310
500,222,722
494,249,743
525,292,817
527,254,781
486,215,701
751,398,1149
725,426,1151
676,489,1165
661,409,1070
905,371,1276
865,464,1329
951,430,1381
863,477,1340
687,530,1217
976,495,1471
1080,182,1262
1100,205,1305
1107,205,1312
479,278,757
1103,205,1308
529,244,773
522,268,790
1102,195,1297
514,220,734
525,261,786
717,450,1167
724,413,1137
688,538,1226
730,490,1220
734,576,1310
931,438,1369
867,536,1403
967,318,1285
1050,612,1662
1014,491,1505
1082,172,1254
1072,189,1261
1065,182,1247
1117,205,1322
1108,172,1280
478,212,690
539,338,877
464,213,677
471,288,759
650,436,1086
644,431,1075
497,230,727
736,466,1202
882,392,1274
922,358,1280
704,483,1187
965,534,1499
821,493,1314
870,441,1311
984,545,1529
1063,162,1225
1073,186,1259
1074,189,1263
1069,189,1258
475,221,696
480,287,767
442,199,641
1087,231,1318
535,256,791
656,534,1190
628,461,1089
977,379,1356
476,218,694
727,441,1168
898,378,1276
709,610,1319
889,389,1278
657,435,1092
1071,478,1549
882,270,1152
1085,196,1281
1082,195,1277
1086,195,1281
1112,172,1284
1066,162,1228
498,233,731
501,215,716
445,189,634
498,228,726
693,545,1238
679,453,1132
494,225,719
685,500,1185
621,493,1114
960,513,1473
912,355,1267
1031,576,1607
933,546,1479
673,531,1204
987,593,1580
1093,170,1263
1163,191,1354
1080,205,1285
1122,195,1317
502,268,770
534,215,749
571,257,828
480,198,678
1075,182,1257
474,185,659
657,481,1138
703,395,1098
626,493,1119
714,460,1174
948,605,1553
786,440,1226
891,515,1406
914,420,1334
942,551,1493
977,388,1365
1112,205,1317
1064,195,1259
476,226,702
1073,172,1245
534,274,808
1083,205,1288
462,241,703
752,405,1157
656,496,1152
1142,192,1334
505,280,785
551,243,794
680,445,1125
891,418,1309
934,401,1335
751,439,1190
729,473,1202
892,411,1303
930,555,1485
955,479,1434
1066,198,1264
1060,172,1232
481,269,750
1141,207,1348
449,229,678
1084,186,1270
565,236,801
701,417,1118
1077,195,1272
487,225,712
489,225,714
675,495,1170
668,563,1231
953,371,1324
655,424,1079
743,568,1311
1083,291,1374
857,380,1237
1014,643,1657
858,476,1334
1085,154,1239
1068,231,1299
516,252,768
456,232,688
1179,195,1374
1067,182,1249
1074,162,1236
686,440,1126
591,221,812
466,245,711
882,429,1311
453,237,690
766,540,1306
678,395,1073
836,580,1416
683,404,1087
863,416,1279
677,397,1074
1093,519,1612
845,641,1486
1075,182,1257
1075,195,1270
1077,205,1282
474,209,683
499,256,755
1074,162,1236
1099,195,1294
650,367,1017
511,249,760
487,221,708
453,204,657
816,422,1238
714,528,1242
699,633,1332
1084,435,1519
662,464,1126
644,569,1213
1017,380,1397
1001,558,1559
913,532,1445
1081,195,1276
1084,150,1234
1132,178,1310
1087,182,1269
1130,191,1321
493,259,752
451,200,651
527,265,792
706,454,1160
486,206,692
538,247,785
909,406,1315
659,530,1189
743,441,1184
991,437,1428
763,581,1344
650,514,1164
972,530,1502
1087,373,1460
945,472,1417
887,147,1034
903,148,1051
883,187,1070
897,165,1062
287,213,500
883,149,1032
249,166,415
279,188,467
462,586,1048
451,452,903
268,240,508
251,196,447
415,433,848
509,501,1010
723,469,1192
449,650,1099
843,637,1480
778,511,1289
690,471,1161
911,666,1577
883,134,1017
883,140,1023
895,147,1042
240,177,417
892,182,1074
234,189,423
895,182,1077
291,199,490
426,626,1052
294,224,518
259,169,428
438,467,905
457,536,993
883,721,1604
724,528,1252
430,581,1011
802,537,1339
850,738,1588
485,575,1060
845,779,1624
881,131,1012
888,162,1050
882,147,1029
229,154,383
907,126,1033
246,199,445
267,213,480
250,211,461
401,414,815
447,402,849
881,142,1023
484,507,991
467,585,1052
669,386,1055
658,543,1201
847,606,1453
240,178,418
788,454,1242
425,617,1042
872,528,1400
901,160,1061
881,187,1068
903,187,1090
905,196,1101
307,276,583
285,203,488
278,244,522
318,224,542
450,436,886
511,532,1043
495,495,990
691,394,1085
807,435,1242
774,420,1194
545,390,935
667,372,1039
879,147,1026
243,222,465
467,685,1152
938,578,1516
878,141,1019
893,148,1041
897,163,1060
258,207,465
913,170,1083
236,196,432
885,197,1082
414,657,1071
440,508,948
300,236,536
299,269,568
928,540,1468
760,462,1222
466,454,920
520,517,1037
515,491,1006
777,490,1267
722,565,1287
778,624,1402
895,120,1015
889,146,1035
252,196,448
895,139,1034
897,193,1090
251,234,485
307,226,533
899,147,1046
232,130,362
263,222,485
495,367,862
391,580,971
451,524,975
489,620,1109
636,421,1057
849,540,1389
787,574,1361
892,499,1391
487,709,1196
982,608,1590
879,145,1024
905,165,1070
897,137,1034
876,193,1069
902,150,1052
287,250,537
241,227,468
269,265,534
521,430,951
286,250,536
251,177,428
709,446,1155
533,448,981
472,613,1085
724,423,1147
492,541,1033
440,558,998
867,646,1513
791,430,1221
829,521,1350
897,141,1038
901,147,1048
919,179,1098
265,182,447
877,147,1024
315,292,607
909,197,1106
241,181,422
577,477,1054
449,708,1157
323,228,551
424,518,942
769,509,1278
984,649,1633
255,185,440
771,560,1331
448,521,969
503,496,999
792,494,1286
779,507,1286
878,165,1043
885,170,1055
915,146,1061
272,199,471
260,250,510
278,203,481
895,196,1091
494,540,1034
308,247,555
484,724,1208
508,614,1122
450,488,938
884,577,1461
1013,586,1599
792,542,1334
902,150,1052
269,241,510
509,504,1013
780,572,1352
747,537,1284
888,133,1021
899,162,1061
881,179,1060
238,170,408
278,251,529
941,146,1087
424,588,1012
304,179,483
897,170,1067
486,333,819
850,526,1376
284,252,536
516,497,1013
648,404,1052
515,537,1052
770,497,1267
808,483,1291
277,243,520
490,656,1146
911,739,1650
881,137,1018
899,185,1084
235,169,404
903,133,1036
901,133,1034
301,240,541
253,180,433
416,415,831
873,151,1024
251,203,454
449,408,857
241,196,437
670,457,1127
470,386,856
661,391,1052
505,587,1092
685,495,1180
860,802,1662
435,513,948
760,606,1366
875,129,1004
877,148,1025
221,183,404
887,193,1080
905,134,1039
297,233,530
256,172,428
424,515,939
486,497,983
443,500,943
765,442,1207
887,196,1083
758,589,1347
300,276,576
779,453,1232
529,523,1052
785,573,1358
242,185,427
428,576,1004
827,525,1352
921,155,1076
889,178,1067
921,187,1108
901,187,1088
293,218,511
325,209,534
284,217,501
907,196,1103
305,274,579
496,425,921
320,229,549
472,547,1019
502,516,1018
810,574,1384
505,542,1047
721,490,1211
541,442,983
798,534,1332
837,426,1263
717,487,1204
869,115,984
897,134,1031
908,145,1053
270,171,441
201,152,353
893,152,1045
262,150,412
248,195,443
899,157,1056
445,475,920
273,198,471
387,557,944
409,518,927
458,527,985
463,478,941
785,412,1197
757,485,1242
751,515,1266
798,475,1273
800,556,1356
915,137,1052
892,196,1088
877,140,1017
887,138,1025
907,152,1059
305,250,555
234,169,403
242,182,424
276,173,449
269,237,506
412,537,949
518,584,1102
788,574,1362
435,485,920
873,476,1349
747,521,1268
446,497,943
508,588,1096
854,470,1324
778,455,1233
933,159,1092
902,186,1088
885,201,1086
907,152,1059
276,220,496
305,242,547
891,193,1084
303,277,580
510,417,927
301,250,551
493,701,1194
309,241,550
982,542,1524
540,487,1027
528,407,935
666,457,1123
693,526,1219
507,608,1115
794,589,1383
873,517,1390
890,146,1036
894,160,1054
879,207,1086
271,206,477
891,152,1043
303,253,556
253,190,443
260,196,456
882,148,1030
466,592,1058
446,475,921
453,482,935
498,482,980
247,205,452
860,479,1339
739,475,1214
453,454,907
747,549,1296
736,531,1267
711,524,1235
905,158,1063
280,185,465
860,152,1012
895,165,1060
229,170,399
893,196,1089
913,197,1110
306,221,527
327,275,602
456,618,1074
277,152,429
480,518,998
897,556,1453
554,473,1027
785,548,1333
761,509,1270
396,411,807
413,568,981
837,482,1319
645,384,1029
899,157,1056
896,167,1063
874,187,1061
900,176,1076
888,132,1020
273,185,458
280,189,469
237,174,411
293,279,572
451,401,852
545,484,1029
428,656,1084
450,542,992
671,529,1200
758,394,1152
815,503,1318
278,214,492
918,647,1565
454,488,942
736,455,1191
904,133,1037
876,151,1027
254,186,440
875,131,1006
893,187,1080
891,147,1038
297,211,508
223,193,416
244,219,463
470,440,910
456,489,945
461,633,1094
707,572,1279
255,199,454
434,505,939
883,702,1585
755,569,1324
767,519,1286
456,718,1174
984,692,1676
886,127,1013
873,187,1060
895,148,1043
230,188,418
895,200,1095
882,147,1029
246,189,435
312,275,587
440,413,853
277,198,475
536,459,995
673,406,1079
260,235,495
437,610,1047
728,482,1210
496,443,939
437,432,869
679,418,1097
712,550,1262
866,588,1454
874,140,1014
899,147,1046
263,209,472
900,156,1056
231,157,388
914,136,1050
913,187,1100
267,159,426
317,249,566
474,577,1051
397,464,861
528,571,1099
712,469,1181
273,224,497
858,482,1340
490,425,915
439,541,980
850,723,1573
830,575,1405
699,478,1177
901,172,1073
894,170,1064
281,210,491
889,151,1040
290,229,519
257,219,476
470,504,974
881,147,1028
870,207,1077
772,515,1287
294,294,588
245,209,454
496,569,1065
474,438,912
456,596,1052
530,687,1217
702,520,1222
931,610,1541
852,725,1577
844,495,1339
895,125,1020
887,126,1013
891,147,1038
892,170,1062
237,177,414
279,286,565
230,172,402
255,190,445
425,468,893
447,644,1091
544,492,1036
438,507,945
758,502,1260
729,407,1136
910,663,1573
887,193,1080
777,626,1403
297,268,565
521,684,1205
946,682,1628
883,126,1009
905,134,1039
883,130,1013
256,176,432
895,134,1029
883,196,1079
246,193,439
296,216,512
226,179,405
454,611,1065
465,539,1004
230,164,394
447,536,983
428,488,916
880,538,1418
796,451,1247
413,454,867
815,551,1366
711,474,1185
746,509,1255
885,134,1019
891,148,1039
871,148,1019
893,197,1090
256,168,424
236,197,433
902,147,1049
236,194,430
266,208,474
307,221,528
425,541,966
434,574,1008
445,622,1067
819,699,1518
476,660,1136
806,679,1485
480,467,947
881,480,1361
936,613,1549
734,539,1273
920,148,1068
905,134,1039
285,238,523
909,179,1088
256,156,412
889,125,1014
524,670,1194
305,225,530
231,159,390
931,176,1107
324,255,579
552,482,1034
414,464,878
427,479,906
787,451,1238
965,527,1492
727,514,1241
500,472,972
755,524,1279
758,543,1301
924,151,1075
922,157,1079
883,141,1024
877,160,1037
896,151,1047
264,192,456
241,211,452
254,250,504
296,205,501
292,222,514
493,448,941
493,487,980
512,438,950
454,552,1006
744,509,1253
736,555,1291
460,476,936
822,508,1330
738,535,1273
733,509,1242
889,166,1055
887,145,1032
272,203,475
249,190,439
879,125,1004
880,150,1030
887,170,1057
274,168,442
221,196,417
247,268,515
458,711,1169
443,484,927
421,533,954
745,476,1221
441,538,979
514,388,902
975,584,1559
794,529,1323
643,485,1128
792,563,1355
888,130,1018
881,138,1019
884,187,1071
883,147,1030
235,184,419
236,169,405
871,138,1009
288,203,491
226,154,380
247,190,437
453,384,837
416,513,929
438,502,940
391,502,893
643,408,1051
765,450,1215
439,725,1164
768,451,1219
748,426,1174
982,548,1530
893,138,1031
875,150,1025
882,196,1078
248,152,400
909,148,1057
242,257,499
899,187,1086
274,221,495
303,224,527
295,216,511
489,412,901
496,643,1139
411,558,969
685,482,1167
498,433,931
825,499,1324
682,449,1131
464,476,940
732,584,1316
926,485,1411
911,139,1050
889,134,1023
898,152,1050
889,196,1085
240,164,404
267,218,485
495,393,888
896,162,1058
302,208,510
275,206,481
419,487,906
463,503,966
267,190,457
766,408,1174
750,390,1140
454,544,998
678,448,1126
468,505,973
816,459,1275
776,472,1248
883,134,1017
891,137,1028
887,153,1040
903,179,1082
245,163,408
299,291,590
882,187,1069
234,191,425
257,216,473
286,280,566
560,530,1090
440,534,974
807,590,1397
791,657,1448
469,442,911
528,404,932
704,474,1178
661,621,1282
420,666,1086
931,424,1355
903,147,1050
893,157,1050
883,196,1079
873,121,994
267,199,466
879,157,1036
267,204,471
211,148,359
253,190,443
296,233,529
387,499,886
473,621,1094
435,523,958
482,464,946
458,434,892
721,455,1176
898,536,1434
776,563,1339
746,481,1227
701,422,1123
891,152,1043
899,186,1085
911,187,1098
260,213,473
302,199,501
885,147,1032
315,213,528
249,183,432
464,620,1084
881,186,1067
284,197,481
434,588,1022
470,567,1037
893,684,1577
444,560,1004
832,483,1315
815,676,1491
847,748,1595
490,489,979
774,662,1436
899,148,1047
905,151,1056
903,196,1099
264,191,455
273,252,525
316,233,549
456,506,962
502,514,1016
523,563,1086
779,511,1290
842,452,1294
791,426,1217
864,133,997
862,165,1027
244,296,540
863,203,1066
214,210,424
870,170,1040
524,555,1079
866,122,988
283,328,611
205,188,393
792,369,1161
257,278,535
557,479,1036
420,437,857
440,477,917
514,504,1018
678,405,1083
717,556,1273
716,475,1191
749,627,1376
866,152,1018
864,153,1017
863,166,1029
862,169,1031
234,232,466
870,170,1040
248,256,504
462,596,1058
246,264,510
835,374,1209
235,188,423
257,242,499
484,440,924
420,564,984
677,388,1065
478,599,1077
805,453,1258
493,769,1262
1007,737,1744
844,495,1339
870,148,1018
863,166,1029
866,170,1036
253,208,461
862,169,1031
248,252,500
440,389,829
630,372,1002
246,266,512
235,267,502
864,154,1018
480,455,935
503,407,910
235,261,496
652,464,1116
491,576,1067
815,478,1293
495,601,1096
692,391,1083
839,512,1351
870,168,1038
863,180,1043
862,165,1027
864,153,1017
260,306,566
255,287,542
866,151,1017
535,579,1114
234,191,425
234,233,467
423,503,926
244,268,512
817,552,1369
463,603,1066
523,484,1007
496,597,1093
744,502,1246
729,352,1081
842,448,1290
834,521,1355
870,153,1023
863,184,1047
864,133,997
862,148,1010
214,216,430
227,248,475
866,151,1017
240,260,500
234,220,454
496,533,1029
452,472,924
446,459,905
264,321,585
713,482,1195
476,430,906
778,675,1453
698,422,1120
667,473,1140
550,512,1062
750,560,1310
866,133,999
870,153,1023
864,133,997
216,214,430
240,234,474
863,166,1029
862,180,1042
446,504,950
745,474,1219
246,262,508
259,293,552
214,199,413
470,706,1176
521,588,1109
429,534,963
825,453,1278
491,564,1055
951,508,1459
802,392,1194
773,405,1178
864,150,1014
863,194,1057
862,165,1027
244,268,512
274,304,578
866,281,1147
533,463,996
496,648,1144
870,170,1040
257,237,494
231,176,407
885,484,1369
701,567,1268
364,174,538
406,525,931
764,591,1355
473,572,1045
817,594,1411
406,557,963
798,406,1204
864,136,1000
863,166,1029
862,165,1027
866,167,1033
870,209,1079
244,296,540
246,311,557
217,229,446
296,312,608
459,425,884
540,606,1146
664,451,1115
548,591,1139
844,618,1462
524,521,1045
836,768,1604
250,223,473
455,526,981
758,753,1511
767,391,1158
864,153,1017
870,168,1038
866,151,1017
234,228,462
863,166,1029
255,271,526
458,527,985
246,269,515
862,166,1028
234,223,457
245,261,506
498,535,1033
766,461,1227
455,650,1105
489,583,1072
773,554,1327
507,510,1017
755,349,1104
891,541,1432
820,543,1363
864,153,1017
870,168,1038
862,180,1042
866,135,1001
255,240,495
234,241,475
260,257,517
218,243,461
259,302,561
476,545,1021
530,678,1208
790,462,1252
475,468,943
915,528,1443
709,537,1246
486,595,1081
833,686,1519
471,523,994
762,495,1257
864,133,997
870,153,1023
862,169,1031
214,218,432
240,270,510
866,166,1032
248,269,517
249,198,447
863,184,1047
448,456,904
264,308,572
497,445,942
695,354,1049
430,508,938
682,464,1146
506,509,1015
537,627,1164
754,418,1172
749,383,1132
865,520,1385
864,153,1017
863,165,1028
862,165,1027
870,168,1038
866,177,1043
245,273,518
244,268,512
260,264,524
255,272,527
234,250,484
496,540,1036
496,577,1073
781,621,1402
508,582,1090
480,631,1111
814,571,1385
502,623,1125
827,461,1288
870,471,1341
861,377,1238
864,153,1017
866,160,1026
863,166,1029
862,166,1028
243,204,447
234,248,482
870,157,1027
245,259,504
436,662,1098
478,717,1195
487,484,971
903,374,1277
244,269,513
246,276,522
721,492,1213
956,538,1494
505,523,1028
505,403,908
768,428,1196
641,470,1111
863,166,1029
862,166,1028
870,168,1038
864,133,997
246,272,518
866,162,1028
245,240,485
501,579,1080
214,243,457
255,275,530
245,284,529
511,432,943
473,481,954
817,454,1271
512,517,1029
472,498,970
677,485,1162
720,475,1195
754,444,1198
739,603,1342
863,165,1028
866,166,1032
862,169,1031
864,172,1036
253,232,485
249,252,501
248,252,500
870,170,1040
480,443,923
484,524,1008
462,555,1017
257,239,496
245,282,527
680,371,1051
794,492,1286
765,628,1393
511,452,963
475,510,985
690,509,1199
755,516,1271
863,159,1022
870,165,1035
868,152,1020
239,260,499
252,254,506
861,219,1080
237,253,490
297,305,602
490,540,1030
487,432,919
489,716,1205
864,172,1036
253,277,530
954,661,1615
785,477,1262
507,499,1006
738,481,1219
675,581,1256
532,603,1135
839,811,1650
863,161,1024
868,190,1058
861,225,1086
870,230,1100
303,260,563
317,289,606
275,255,530
864,159,1023
487,548,1035
489,690,1179
241,247,488
868,147,1015
863,159,1022
864,180,1044
870,172,1042
232,236,468
861,153,1014
239,283,522
261,341,602
259,255,514
231,226,457
470,490,960
491,485,976
512,691,1203
733,436,1169
929,583,1512
730,648,1378
571,646,1217
885,371,1256
453,650,1103
886,561,1447
863,133,996
861,159,1020
864,170,1034
863,133,996
864,149,1013
870,166,1036
861,159,1020
868,177,1045
213,225,438
230,247,477
237,245,482
262,278,540
512,401,913
477,475,952
454,631,1085
253,227,480
644,526,1170
714,553,1267
463,487,950
869,533,1402
472,453,925
732,363,1095
689,562,1251
689,453,1142
713,602,1315
691,577,1268
528,404,932
609,491,1100
863,133,996
867,166,1033
864,186,1050
869,197,1066
213,229,442
250,274,524
267,274,541
283,288,571
864,190,1054
271,261,532
458,404,862
504,459,963
507,625,1132
491,484,975
523,436,959
867,427,1294
698,655,1353
642,384,1026
723,435,1158
680,345,1025
542,422,964
509,380,889
814,709,1523
589,485,1074
594,475,1069
863,159,1022
862,168,1030
861,172,1033
867,181,1048
869,186,1055
247,200,447
250,250,500
272,259,531
239,273,512
265,325,590
494,478,972
428,593,1021
502,471,973
477,577,1054
558,591,1149
830,411,1241
709,419,1128
813,455,1268
722,592,1314
833,706,1539
568,462,1030
577,459,1036
756,643,1399
611,502,1113
868,759,1627
862,133,995
863,161,1024
862,165,1027
867,186,1053
212,215,427
244,238,482
270,260,530
241,308,549
861,161,1022
239,287,526
493,428,921
537,484,1021
466,575,1041
514,440,954
670,447,1117
443,652,1095
722,573,1295
812,573,1385
676,325,1001
610,504,1114
889,540,1429
481,363,844
732,619,1351
730,616,1346
697,582,1279
866,136,1002
864,153,1017
863,171,1034
869,194,1063
865,241,1106
234,239,473
251,254,505
280,249,529
323,297,620
219,220,439
469,507,976
483,506,989
528,492,1020
484,595,1079
452,417,869
744,470,1214
658,334,992
732,476,1208
839,621,1460
495,367,862
628,513,1141
636,520,1156
785,666,1451
746,519,1265
678,575,1253
861,165,1026
865,221,1086
865,154,1019
864,245,1109
864,275,1139
243,234,477
236,188,424
356,179,535
326,241,567
419,476,895
461,532,993
409,591,1000
471,594,1065
303,261,564
768,466,1234
830,388,1218
833,495,1328
716,464,1180
492,504,996
547,420,967
622,517,1139
654,537,1191
624,506,1130
744,522,1266
682,566,1248
862,136,998
861,147,1008
868,165,1033
866,154,1020
863,297,1160
225,195,420
215,239,454
250,237,487
377,302,679
237,213,450
471,564,1035
531,686,1217
422,477,899
445,579,1024
807,355,1162
713,506,1219
924,604,1528
518,396,914
467,406,873
662,541,1203
643,385,1028
762,659,1421
820,640,1460
542,419,961
801,684,1485
867,151,1018
868,165,1033
868,265,1133
864,135,999
235,241,476
250,258,508
863,205,1068
216,244,460
350,329,679
285,245,530
492,632,1124
563,450,1013
474,590,1064
474,631,1105
474,440,914
693,381,1074
829,454,1283
678,470,1148
875,729,1604
544,425,969
614,493,1107
628,517,1145
892,807,1699
873,511,1384
673,569,1242
863,128,991
862,136,998
863,154,1017
869,204,1073
208,209,417
215,200,415
234,213,447
290,299,589
864,133,997
428,423,851
442,462,904
438,610,1048
214,232,446
534,407,941
660,503,1163
700,476,1176
462,456,918
651,431,1082
848,531,1379
660,542,1202
695,399,1094
634,515,1149
595,467,1062
689,571,1260
558,435,993
862,153,1015
865,184,1049
869,194,1063
862,214,1076
861,159,1020
266,249,515
232,248,480
280,266,546
293,299,592
237,239,476
476,441,917
501,451,952
527,555,1082
678,388,1066
695,403,1098
792,385,1177
466,501,967
545,428,973
567,446,1013
542,432,974
480,594,1074
737,398,1135
834,536,1370
696,580,1276
554,434,988
864,154,1018
863,159,1022
871,165,1036
863,167,1030
865,186,1051
253,245,498
247,300,547
239,309,548
268,293,561
529,448,977
524,521,1045
538,551,1089
482,635,1117
235,260,495
686,453,1139
761,498,1259
789,549,1338
611,495,1106
490,714,1204
658,546,1204
707,597,1304
953,509,1462
881,528,1409
668,561,1229
694,574,1268
864,129,993
866,151,1017
865,165,1030
867,190,1057
865,229,1094
210,244,454
234,259,493
247,248,495
274,283,557
491,444,935
311,287,598
516,524,1040
474,682,1156
685,379,1064
518,485,1003
921,451,1372
540,414,954
766,666,1432
479,488,967
725,535,1260
828,715,1543
728,562,1290
695,580,1275
610,493,1103
722,604,1326
863,133,996
865,150,1015
870,182,1052
864,245,1109
232,228,460
269,258,527
864,157,1021
326,313,639
238,249,487
494,513,1007
459,617,1076
213,252,465
543,589,1132
479,517,996
857,595,1452
481,407,888
828,459,1287
645,336,981
756,553,1309
755,657,1412
494,372,866
758,505,1263
618,488,1106
712,594,1306
671,548,1219
866,154,1020
869,152,1021
864,168,1032
237,231,468
238,287,525
249,308,557
867,190,1057
463,488,951
274,249,523
522,680,1202
538,733,1271
729,460,1189
482,436,918
621,499,1120
972,650,1622
924,382,1306
861,285,1146
363,147,510
546,426,972
374,552,926
678,441,1119
788,457,1245
603,481,1084
613,499,1112
810,701,1511
867,151,1018
862,147,1009
862,187,1049
863,184,1047
862,202,1064
226,246,472
235,249,484
266,241,507
264,331,595
281,317,598
474,551,1025
469,528,997
560,553,1113
545,640,1185
483,659,1142
788,557,1345
765,552,1317
791,599,1390
877,478,1355
715,590,1305
709,594,1303
757,655,1412
636,525,1161
901,478,1379
640,528,1168
862,151,1013
864,178,1042
864,236,1100
230,204,434
232,265,497
259,263,522
861,165,1026
243,242,485
432,494,926
493,547,1040
317,323,640
493,674,1167
731,379,1110
469,529,998
784,505,1289
553,478,1031
913,528,1441
765,471,1236
687,564,1251
628,513,1141
536,429,965
662,546,1208
717,607,1324
766,652,1418
865,154,1019
865,168,1033
867,165,1032
861,154,1015
250,207,457
236,263,499
249,259,508
232,225,457
438,495,933
452,400,852
492,572,1064
494,591,1085
735,469,1204
861,159,1020
831,435,1266
814,519,1333
237,288,525
629,504,1133
595,482,1077
681,560,1241
636,290,926
446,328,774
515,720,1235
956,447,1403
603,501,1104
863,153,1016
864,148,1012
861,165,1026
865,173,1038
863,193,1056
243,230,473
255,236,491
229,211,440
467,393,860
233,283,516
457,449,906
273,255,528
441,540,981
484,444,928
512,652,1164
779,651,1430
890,413,1303
810,700,1510
571,444,1015
685,512,1197
633,418,1051
682,418,1100
668,555,1223
579,452,1031
577,457,1034
863,113,976
863,136,999
863,171,1034
861,158,1019
867,154,1021
251,231,482
236,213,449
238,255,493
440,422,862
193,183,376
488,451,939
216,263,479
412,446,858
693,368,1061
658,551,1209
460,505,965
492,531,1023
684,396,1080
530,408,938
743,404,1147
707,603,1310
555,434,989
769,512,1281
562,444,1006
670,564,1234
865,166,1031
862,191,1053
861,193,1054
867,207,1074
861,135,996
270,253,523
248,288,536
271,279,550
213,223,436
291,327,618
481,427,908
519,498,1017
506,547,1053
560,435,995
450,498,948
664,410,1074
738,426,1164
677,326,1003
734,565,1299
567,450,1017
783,720,1503
722,621,1343
488,368,856
586,473,1059
876,784,1660
868,153,1021
861,162,1023
866,165,1031
238,216,454
233,270,503
248,269,517
499,449,948
501,570,1071
450,501,951
870,194,1064
687,390,1077
240,250,490
281,270,551
744,442,1186
811,587,1398
548,429,977
477,527,1004
506,539,1045
605,483,1088
763,413,1176
748,653,1401
784,596,1380
569,450,1019
761,651,1412
868,147,1015
862,165,1027
862,186,1048
864,207,1071
232,240,472
863,161,1024
265,248,513
288,310,598
241,241,482
244,262,506
476,546,1022
490,426,916
540,846,1386
783,420,1203
470,424,894
663,493,1156
662,357,1019
577,463,1040
1085,550,1635
474,427,901
651,531,1182
515,404,919
670,407,1077
571,444,1015
709,617,1326
863,171,1034
866,168,1034
251,246,497
251,263,514
492,421,913
864,136,1000
478,506,984
217,212,429
862,214,1076
659,383,1042
747,408,1155
293,284,577
442,505,947
542,417,959
569,454,1023
512,467,979
863,154,1017
744,472,1216
234,250,484
704,400,1104
557,441,998
479,563,1042
801,644,1445
631,511,1142
802,687,1489
861,177,1038
870,186,1056
863,278,1141
866,240,1106
358,158,516
273,269,542
255,370,625
323,360,683
387,474,861
505,547,1052
863,180,1043
597,583,1180
592,516,1108
712,402,1114
260,234,494
792,586,1378
560,442,1002
757,678,1435
463,678,1141
752,630,1382
819,498,1317
839,752,1591
654,542,1196
916,672,1588
830,730,1560
868,165,1033
863,165,1028
862,177,1039
863,180,1043
865,192,1057
245,194,439
260,259,519
274,290,564
250,324,574
423,374,797
521,448,969
558,479,1037
256,317,573
612,401,1013
688,307,995
722,391,1113
488,505,993
559,438,997
467,346,813
554,430,984
743,434,1177
545,536,1081
592,475,1067
773,527,1300
684,587,1271
863,133,996
864,149,1013
861,171,1032
865,244,1109
213,230,443
249,215,464
326,227,553
442,509,951
459,603,1062
458,560,1018
863,203,1066
745,449,1194
841,505,1346
283,275,558
800,617,1417
605,489,1094
663,554,1217
504,713,1217
434,521,955
951,463,1414
760,559,1319
621,515,1136
777,662,1439
718,604,1322
865,136,1001
866,165,1031
870,176,1046
862,183,1045
218,212,430
248,276,524
871,186,1057
263,301,564
274,257,531
537,469,1006
443,418,861
508,504,1012
494,582,1076
714,381,1095
658,422,1080
745,456,1201
262,251,513
828,371,1199
546,420,966
582,463,1045
617,501,1118
537,410,947
479,601,1080
838,438,1276
595,484,1079
864,153,1017
863,164,1027
868,188,1056
862,224,1086
234,245,479
868,173,1041
244,291,535
273,303,576
258,272,530
520,517,1037
475,585,1060
506,383,889
537,693,1230
824,480,1304
626,429,1055
755,625,1380
936,611,1547
592,465,1057
639,522,1161
783,686,1469
774,653,1427
303,226,529
454,523,977
760,639,1399
796,685,1481
865,136,1001
868,157,1025
863,171,1034
862,267,1129
218,155,373
242,238,480
251,234,485
346,167,513
386,545,931
395,416,811
463,425,888
863,168,1031
472,525,997
248,284,532
653,371,1024
663,477,1140
785,569,1354
768,422,1190
528,413,941
513,513,1026
635,516,1151
585,466,1051
729,623,1352
751,530,1281
688,586,1274
862,136,998
863,163,1026
868,165,1033
863,187,1050
867,214,1081
215,222,437
243,252,495
250,262,512
267,291,558
450,442,892
481,547,1028
520,536,1056
679,408,1087
298,320,618
774,490,1264
565,450,1015
496,549,1045
785,585,1370
553,549,1102
648,536,1184
792,362,1154
791,558,1349
525,403,928
744,627,1371
720,605,1325
864,151,1015
865,151,1016
865,177,1042
862,182,1044
865,271,1136
232,225,457
233,243,476
259,262,521
261,322,583
353,351,704
455,640,1095
493,605,1098
550,589,1139
845,513,1358
582,687,1269
879,626,1505
826,526,1352
474,450,924
927,449,1376
673,564,1237
690,405,1095
683,576,1259
786,683,1469
609,499,1108
565,449,1014
866,147,1013
868,279,1147
230,227,457
866,154,1020
863,200,1063
863,143,1006
364,296,660
237,240,477
223,270,493
280,317,597
459,503,962
530,465,995
472,482,954
499,574,1073
708,408,1116
744,687,1431
723,446,1169
546,561,1107
812,421,1233
571,455,1026
607,493,1100
799,585,1384
848,726,1574
579,463,1042
744,631,1375
863,113,976
861,171,1032
861,170,1031
864,185,1049
249,244,493
862,153,1015
266,231,497
193,183,376
232,216,448
471,445,916
412,386,798
461,563,1024
681,543,1224
624,479,1103
802,478,1280
248,289,537
699,583,1282
637,523,1160
516,702,1218
638,518,1156
444,526,970
938,439,1377
763,445,1208
595,489,1084
602,487,1089
871,153,1024
865,159,1024
864,170,1034
864,228,1092
241,236,477
241,258,499
863,154,1017
251,289,540
309,281,590
234,255,489
511,453,964
473,597,1070
519,564,1083
489,646,1135
484,471,955
692,474,1166
843,470,1313
803,520,1323
886,553,1439
633,521,1154
636,513,1149
679,573,1252
713,601,1314
709,420,1129
579,458,1037
863,163,1026
862,153,1015
862,171,1033
862,194,1056
866,275,1141
243,216,459
232,235,467
250,246,496
273,261,534
358,211,569
445,442,887
474,451,925
463,562,1025
489,548,1037
680,431,1111
688,458,1146
799,406,1205
785,542,1327
443,419,862
589,467,1056
563,451,1014
615,503,1118
660,508,1168
699,582,1281
669,550,1219
865,164,1029
865,192,1057
864,187,1051
246,267,513
274,291,565
268,237,505
863,177,1040
257,332,589
522,520,1042
467,567,1034
867,153,1020
561,469,1030
237,256,493
806,494,1300
707,415,1122
489,592,1081
498,620,1118
653,546,1199
573,456,1029
860,447,1307
760,506,1266
834,542,1376
608,502,1110
666,552,1218
704,588,1292
867,152,1019
865,162,1027
867,150,1017
863,165,1028
245,204,449
236,260,496
234,285,519
244,236,480
433,442,875
467,435,902
518,510,1028
493,565,1058
861,183,1044
680,564,1244
752,499,1251
675,473,1148
807,513,1320
261,213,474
722,610,1332
633,512,1145
661,536,1197
440,525,965
675,573,1248
761,504,1265
661,559,1220
864,147,1011
865,185,1050
864,186,1050
863,190,1053
270,214,484
267,227,494
267,294,561
864,193,1057
458,486,944
228,254,482
443,610,1053
274,288,562
524,786,1310
726,559,1285
848,532,1380
484,684,1168
518,601,1119
1025,528,1553
719,602,1321
690,580,1270
923,623,1546
840,501,1341
687,569,1256
782,673,1455
660,534,1194
863,136,999
868,153,1021
865,177,1042
216,224,440
238,242,480
259,307,566
867,206,1073
476,522,998
290,341,631
453,591,1044
538,493,1031
866,130,996
765,300,1065
213,162,375
829,472,1301
574,537,1111
733,669,1402
394,492,886
630,534,1164
779,573,1352
733,379,1112
463,335,798
540,414,954
829,721,1550
735,626,1361
867,129,996
863,157,1020
861,156,1017
860,172,1032
863,165,1028
213,187,400
249,237,486
237,260,497
245,255,500
234,291,525
420,474,894
518,493,1011
489,559,1048
484,572,1056
810,382,1192
716,621,1337
729,611,1340
463,435,898
540,434,974
670,342,1012
783,676,1459
497,380,877
797,376,1173
767,659,1426
534,415,949
864,133,997
862,151,1013
861,159,1020
871,204,1075
230,203,433
214,237,451
237,257,494
292,259,551
484,414,898
496,506,1002
467,733,1200
874,186,1060
650,472,1122
277,346,623
972,566,1538
431,607,1038
628,511,1139
586,518,1104
767,475,1242
752,504,1256
844,397,1241
670,547,1217
725,625,1350
864,133,997
862,149,1011
861,159,1020
871,174,1045
874,177,1051
214,236,450
228,256,484
237,272,509
262,305,567
268,323,591
499,476,975
484,504,988
466,629,1095
563,562,1125
542,515,1057
712,431,1143
741,454,1195
868,429,1297
761,358,1119
811,709,1520
611,519,1130
587,470,1057
588,474,1062
524,402,926
878,762,1640
863,153,1016
863,157,1020
863,168,1031
863,190,1053
866,261,1127
237,213,450
233,256,489
270,228,498
248,237,485
344,274,618
466,451,917
442,427,869
457,597,1054
506,547,1053
485,695,1180
689,469,1158
665,446,1111
835,578,1413
788,544,1332
933,539,1472
627,513,1140
604,481,1085
736,630,1366
697,589,1286
705,591,1296
861,135,996
862,154,1016
863,178,1041
862,190,1052
863,186,1049
213,222,435
233,255,488
269,250,519
258,295,553
266,289,555
449,509,958
478,484,962
518,477,995
483,635,1118
524,696,1220
745,367,1112
721,370,1091
715,447,1162
872,519,1391
934,474,1408
523,406,929
527,412,939
605,491,1096
676,548,1224
632,534,1166
863,153,1016
864,154,1018
863,157,1020
860,185,1045
871,194,1065
233,241,474
237,263,500
262,243,505
235,280,515
282,288,570
492,473,965
469,500,969
525,517,1042
510,671,1181
470,724,1194
735,487,1222
711,545,1256
763,503,1266
910,574,1484
962,559,1521
643,526,1169
703,591,1294
669,544,1213
717,602,1319
733,613,1346
866,120,986
861,129,990
862,136,998
865,147,1012
860,169,1029
207,218,425
215,216,431
203,279,482
229,272,501
246,292,538
444,461,905
511,435,946
445,483,928
518,438,956
503,788,1291
676,418,1094
698,433,1131
719,407,1126
674,423,1097
1028,499,1527
563,447,1010
579,472,1051
578,469,1047
590,475,1065
659,550,1209
863,161,1024
868,165,1033
865,185,1050
863,185,1048
861,230,1091
241,255,496
265,231,496
250,279,529
267,266,533
308,340,648
497,422,919
460,562,1022
513,556,1069
484,667,1151
567,599,1166
662,449,1111
800,529,1329
799,661,1460
905,636,1541
835,560,1395
610,492,1102
687,570,1257
716,618,1334
824,707,1531
794,689,1483
864,137,1001
862,163,1025
862,182,1044
863,186,1049
861,257,1118
218,180,398
242,197,439
261,235,496
266,306,572
335,244,579
410,442,852
425,458,883
535,517,1052
463,636,1099
471,428,899
681,407,1088
695,354,1049
755,461,1216
664,438,1102
873,577,1450
511,394,905
566,455,1021
620,507,1127
594,485,1079
734,625,1359
863,132,995
868,165,1033
863,180,1043
861,192,1053
866,230,1096
212,285,497
250,250,500
260,271,531
270,295,565
313,305,618
484,483,967
514,490,1004
522,496,1018
537,584,1121
500,520,1020
726,381,1107
728,504,1232
732,554,1286
825,501,1326
758,556,1314
544,420,964
662,548,1210
710,603,1313
662,536,1198
714,600,1314
863,148,1011
866,153,1019
861,164,1025
864,192,1056
869,215,1084
228,232,460
236,244,480
242,230,472
273,253,526
301,381,682
483,469,952
476,527,1003
461,593,1054
457,567,1024
616,456,1072
768,497,1265
708,498,1206
831,452,1283
803,461,1264
700,422,1122
617,498,1115
610,502,1112
658,541,1199
657,544,1201
586,463,1049
1006,149,1155
993,149,1142
1029,149,1178
1027,149,1176
372,202,574
362,199,561
395,209,604
359,219,578
393,238,631
604,419,1023
574,487,1061
578,478,1056
561,569,1130
631,521,1152
867,383,1250
845,473,1318
822,515,1337
922,365,1287
939,450,1389
684,433,1117
687,407,1094
741,488,1229
839,563,1402
761,523,1284
1015,149,1164
1031,149,1180
1039,149,1188
397,183,580
381,212,593
405,214,619
380,207,587
397,258,655
580,387,967
593,451,1044
587,473,1060
619,570,1189
655,533,1188
792,322,1114
840,370,1210
861,461,1322
648,357,1005
983,494,1477
938,498,1436
680,412,1092
770,499,1269
828,540,1368
824,543,1367
1024,149,1173
1018,149,1167
1012,149,1161
993,149,1142
1011,165,1176
390,193,583
359,198,557
378,211,589
384,223,607
393,261,654
583,332,915
607,419,1026
638,494,1132
589,640,1229
557,654,1211
730,388,1118
811,401,1212
1021,455,1476
879,555,1434
1026,500,1526
707,427,1134
714,451,1165
743,504,1247
807,546,1353
861,615,1476
1027,119,1146
992,149,1141
1030,149,1179
1029,149,1178
1031,165,1196
363,189,552
358,212,570
396,211,607
395,223,618
413,240,653
582,419,1001
570,511,1081
618,504,1122
607,557,1164
637,577,1214
820,373,1193
877,431,1308
961,388,1349
907,501,1408
695,411,1106
982,537,1519
713,430,1143
718,482,1200
825,531,1356
863,580,1443
1013,149,1162
1030,149,1179
1014,149,1163
1009,149,1158
1022,149,1171
375,201,576
396,209,605
388,206,594
380,225,605
379,257,636
576,364,940
636,440,1076
594,566,1160
605,566,1171
605,509,1114
747,310,1057
827,396,1223
614,342,956
954,495,1449
962,518,1480
913,490,1403
704,436,1140
804,545,1349
815,526,1341
835,574,1409
995,149,1144
1027,149,1176
993,149,1142
1031,149,1180
1007,149,1156
373,193,566
359,208,567
397,208,605
361,230,591
393,218,611
591,400,991
566,432,998
605,495,1100
611,435,1046
567,521,1088
813,365,1178
900,358,1258
769,481,1250
836,431,1267
888,513,1401
667,405,1072
684,376,1060
771,511,1282
753,476,1229
801,559,1360
1032,140,1172
990,149,1139
992,149,1141
997,165,1162
1002,149,1151
356,201,557
358,212,570
368,210,578
389,238,627
379,253,632
578,365,943
557,420,977
570,458,1028
636,480,1116
616,480,1096
784,394,1178
824,413,1237
741,517,1258
886,449,1335
851,531,1382
679,431,1110
700,451,1151
776,475,1251
814,561,1375
823,580,1403
997,149,1146
1014,149,1163
1014,149,1163
1030,149,1179
1024,149,1173
363,199,562
380,203,583
390,202,592
380,207,587
396,225,621
583,425,1008
592,466,1058
621,422,1043
587,511,1098
562,550,1112
826,290,1116
813,516,1329
864,478,1342
899,517,1416
921,540,1461
615,321,936
797,524,1321
825,547,1372
832,588,1420
826,542,1368
1008,149,1157
990,149,1139
378,182,560
374,204,578
357,203,560
356,217,573
365,245,610
573,390,963
560,428,988
578,458,1036
610,453,1063
560,616,1176
754,302,1056
840,322,1162
793,397,1190
1002,350,1352
826,514,1340
587,336,923
625,356,981
683,437,1120
808,560,1368
657,385,1042
1008,149,1157
992,149,1141
361,186,547
370,199,569
374,202,576
358,209,567
590,366,956
576,410,986
547,427,974
569,459,1028
567,533,1100
766,335,1101
792,420,1212
837,379,1216
899,417,1316
656,371,1027
678,413,1091
698,454,1152
723,464,1187
704,462,1166
992,120,1112
1012,149,1161
1025,149,1174
1011,149,1160
1025,149,1174
329,184,513
378,191,569
391,212,603
391,209,600
542,422,964
603,469,1072
587,505,1092
569,548,1117
600,528,1128
788,344,1132
868,295,1163
890,432,1322
934,512,1446
615,313,928
631,386,1017
927,622,1549
738,473,1211
819,559,1378
942,669,1611
1029,149,1178
1030,149,1179
1014,149,1163
1027,149,1176
396,200,596
393,198,591
380,218,598
362,227,589
395,209,604
589,396,985
596,448,1044
604,442,1046
598,470,1068
591,647,1238
852,406,1258
845,381,1226
766,464,1230
858,577,1435
1048,516,1564
705,429,1134
731,448,1179
755,506,1261
886,636,1522
838,569,1407
1011,119,1130
994,149,1143
1029,149,1178
1011,149,1160
993,149,1142
347,212,559
360,201,561
395,195,590
359,216,575
377,232,609
589,468,1057
575,443,1018
561,491,1052
609,507,1116
590,516,1106
853,394,1247
810,394,1204
859,425,1284
919,368,1287
892,402,1294
700,441,1141
682,447,1129
692,420,1112
708,434,1142
714,464,1178
1030,149,1179
1020,149,1169
1012,149,1161
1027,149,1176
362,203,565
378,191,569
386,206,592
393,209,602
396,231,627
569,416,985
592,419,1011
565,456,1021
602,516,1118
627,590,1217
802,351,1153
917,301,1218
826,465,1291
813,538,1351
658,379,1037
994,543,1537
623,339,962
756,522,1278
853,584,1437
868,603,1471
999,149,1148
1014,149,1163
992,149,1141
993,165,1158
380,216,596
357,221,578
365,251,616
375,229,604
358,220,578
588,405,993
616,428,1044
596,473,1069
578,481,1059
578,463,1041
772,356,1128
861,383,1244
846,406,1252
829,384,1213
801,520,1321
644,381,1025
692,415,1107
692,451,1143
671,429,1100
814,552,1366
1009,149,1158
993,149,1142
1035,149,1184
358,201,559
375,202,577
359,212,571
401,210,611
559,448,1007
584,451,1035
577,511,1088
611,553,1164
571,567,1138
839,384,1223
814,414,1228
894,488,1382
962,566,1528
693,423,1116
934,521,1455
701,457,1158
792,532,1324
896,616,1512
809,568,1377
993,120,1113
1030,149,1179
1029,149,1178
996,149,1145
1032,165,1197
330,176,506
396,188,584
414,198,612
395,222,617
362,235,597
617,369,986
535,453,988
584,395,979
597,393,990
596,580,1176
772,299,1071
799,310,1109
820,389,1209
763,431,1194
623,335,958
986,461,1447
635,346,981
677,415,1092
722,471,1193
788,506,1294
1032,149,1181
1031,149,1180
1030,149,1179
1013,149,1162
1033,149,1182
379,199,578
397,205,602
399,224,623
398,246,644
396,290,686
623,452,1075
578,504,1082
644,482,1126
686,542,1228
903,432,1335
859,513,1372
891,568,1459
946,561,1507
888,693,1581
758,478,1236
841,574,1415
876,618,1494
886,623,1509
1020,756,1776
993,149,1142
992,149,1141
1007,149,1156
996,165,1161
373,188,561
373,200,573
358,210,568
378,217,595
359,246,605
573,354,927
579,401,980
561,447,1008
568,434,1002
605,483,1088
828,272,1100
735,406,1141
771,365,1136
850,475,1325
800,415,1215
574,313,887
708,447,1155
656,410,1066
702,461,1163
763,519,1282
992,149,1141
996,149,1145
1034,149,1183
1017,149,1166
358,171,529
391,197,588
400,198,598
362,228,590
383,225,608
529,421,950
588,436,1024
608,421,1029
598,449,1047
590,450,1040
787,342,1129
820,335,1155
857,412,1269
835,388,1223
812,483,1295
629,373,1002
626,379,1005
708,429,1137
741,451,1192
795,522,1317
1030,119,1149
991,149,1140
994,149,1143
1011,149,1160
1035,149,1184
366,208,574
401,191,592
360,209,569
377,224,601
601,382,983
592,457,1049
567,474,1041
604,498,1102
569,492,1061
767,335,1102
839,381,1220
866,457,1323
902,436,1338
860,550,1410
641,370,1011
667,424,1091
761,481,1242
787,504,1291
839,600,1439
997,149,1146
990,149,1139
995,149,1144
1027,149,1176
363,188,551
377,178,555
361,201,562
393,209,602
356,203,559
551,412,963
602,508,1110
555,541,1096
562,456,1018
559,509,1068
783,359,1142
926,320,1246
909,366,1275
873,378,1251
825,437,1262
651,398,1049
626,364,990
688,413,1101
663,405,1068
727,497,1224
994,149,1143
988,149,1137
1026,149,1175
992,149,1141
354,200,554
356,201,557
358,198,556
360,225,585
392,218,610
554,377,931
610,399,1009
557,478,1035
585,429,1014
556,585,1141
799,349,1148
739,391,1130
797,332,1129
842,472,1314
951,468,1419
670,391,1061
674,434,1108
621,359,980
757,510,1267
755,529,1284
993,149,1142
1025,149,1174
991,149,1140
1009,149,1158
992,149,1141
359,193,552
391,202,593
357,202,559
358,194,552
375,228,603
552,411,963
593,386,979
559,435,994
552,563,1115
800,278,1078
603,499,1102
785,356,1141
778,414,1192
564,318,882
929,488,1417
676,393,1069
882,449,1331
702,444,1146
775,542,1317
753,475,1228
989,149,1138
1028,149,1177
999,165,1164
1032,149,1181
355,206,561
398,211,609
394,222,616
381,222,603
401,239,640
561,318,879
616,396,1012
609,424,1033
640,514,1154
587,451,1038
681,346,1027
798,363,1161
923,443,1366
830,585,1415
630,388,1018
824,511,1335
686,403,1089
773,480,1253
912,642,1554
805,554,1359
995,149,1144
1026,149,1175
1007,149,1156
394,189,583
358,207,565
373,201,574
361,252,613
613,331,944
565,460,1025
583,492,1075
587,495,1082
574,575,1149
826,392,1218
700,475,1175
895,422,1317
956,539,1495
894,759,1653
679,430,1109
765,518,1283
743,471,1214
841,594,1435
1082,836,1918
1027,131,1158
1036,140,1176
1028,149,1177
1013,149,1162
995,165,1160
375,189,564
394,187,581
379,216,595
393,238,631
377,233,610
594,340,934
581,549,1130
595,516,1111
640,502,1142
582,575,1157
951,397,1348
709,437,1146
903,482,1385
912,473,1385
976,517,1493
720,437,1157
727,481,1208
790,531,1321
804,520,1324
839,545,1384
993,119,1112
996,149,1145
1009,149,1158
1016,149,1165
1015,149,1164
329,176,505
362,212,574
375,216,591
381,207,588
382,230,612
588,369,957
535,473,1008
574,444,1018
612,481,1093
591,510,1101
840,318,1158
758,307,1065
893,332,1225
814,416,1230
871,504,1375
606,352,958
617,339,956
636,370,1006
707,457,1164
815,540,1355
1029,120,1149
988,149,1137
1028,149,1177
1024,149,1173
366,165,531
394,198,592
354,201,555
375,213,588
390,212,602
560,545,1105
602,565,1167
592,587,1179
555,674,1229
588,687,1275
948,553,1501
989,512,1501
1070,450,1520
1036,547,1583
963,520,1483
754,479,1233
877,593,1470
835,561,1396
830,601,1431
839,568,1407
1004,149,1153
996,149,1145
1031,149,1180
991,149,1140
358,198,556
370,200,570
357,200,557
362,212,574
397,218,615
556,385,941
557,440,997
615,537,1152
570,591,1161
574,449,1023
751,378,1129
805,329,1134
819,345,1164
969,377,1346
615,372,987
665,398,1063
942,637,1579
636,386,1022
676,431,1107
963,710,1673
1030,119,1149
1016,149,1165
1005,149,1154
1009,149,1158
992,149,1141
366,168,534
358,192,550
382,197,579
375,224,599
371,231,602
564,278,842
579,450,1029
599,449,1048
602,519,1121
550,551,1101
840,297,1137
682,447,1129
832,414,1246
898,503,1401
608,338,946
917,563,1480
772,486,1258
718,465,1183
803,558,1361
850,619,1469
998,149,1147
1004,149,1153
1032,149,1181
1008,149,1157
1035,149,1184
370,196,566
398,192,590
401,220,621
364,238,602
374,247,621
602,411,1013
621,409,1030
590,526,1116
566,549,1115
621,584,1205
791,405,1196
783,431,1214
927,373,1300
932,423,1355
993,587,1580
672,414,1086
708,456,1164
724,477,1201
750,461,1211
917,620,1537
1019,119,1138
1008,149,1157
1005,149,1154
1031,149,1180
993,149,1142
355,180,535
374,201,575
359,206,565
397,213,610
371,209,580
610,372,982
580,372,952
575,475,1050
565,456,1021
565,529,1094
777,294,1071
823,360,1183
922,371,1293
857,404,1261
751,437,1188
620,329,949
648,400,1048
685,419,1104
707,439,1146
737,480,1217
1010,149,1159
1029,149,1178
1035,149,1184
990,149,1139
376,191,567
401,198,599
373,190,563
356,216,572
395,245,640
572,402,974
567,454,1021
563,515,1078
640,511,1151
599,568,1167
838,347,1185
766,407,1173
896,427,1323
977,427,1404
914,525,1439
652,391,1043
692,454,1146
729,464,1193
757,469,1226
849,586,1435
1014,132,1146
990,149,1139
1012,149,1161
363,190,553
376,208,584
378,213,591
356,216,572
365,239,604
604,405,1009
584,443,1027
570,489,1059
572,460,1032
591,597,1188
824,311,1135
778,384,1162
877,460,1337
827,510,1337
596,346,942
983,579,1562
678,426,1104
769,480,1249
815,556,1371
886,623,1509
992,149,1141
1011,149,1160
1011,149,1160
992,149,1141
377,186,563
377,191,568
358,181,539
358,208,566
380,199,579
539,409,948
568,421,989
579,461,1040
563,504,1067
566,475,1041
775,337,1112
806,365,1171
889,419,1308
849,450,1299
841,440,1281
624,369,993
671,413,1084
725,460,1185
759,500,1259
727,482,1209
1026,149,1175
1013,149,1162
392,237,629
379,267,646
1011,149,1160
991,149,1140
992,149,1141
646,435,1081
377,198,575
358,189,547
357,242,599
822,447,1269
575,429,1004
547,469,1016
599,434,1033
629,399,1028
799,379,1178
814,480,1294
799,447,1246
835,495,1330
768,485,1253
782,524,1306
755,467,1222
665,406,1071
786,522,1308
1013,149,1162
1007,149,1156
992,149,1141
1031,149,1180
379,199,578
397,189,586
373,202,575
358,211,569
378,210,588
569,429,998
588,448,1036
575,470,1045
578,493,1071
586,508,1094
851,337,1188
834,456,1290
913,421,1334
880,444,1324
795,522,1317
639,376,1015
747,446,1193
752,485,1237
763,503,1266
809,574,1383
993,149,1142
1013,149,1162
1029,149,1178
1030,149,1179
396,196,592
359,217,576
379,222,601
395,217,612
359,241,600
576,465,1041
592,500,1092
612,485,1097
600,396,996
601,531,1132
832,322,1154
763,358,1121
904,426,1330
918,421,1339
888,483,1371
610,366,976
646,403,1049
751,457,1208
729,471,1200
807,540,1347
992,149,1141
1032,149,1181
1008,149,1157
1012,149,1161
1025,149,1174
374,197,571
358,203,561
378,207,585
398,226,624
391,224,615
571,411,982
585,433,1018
624,447,1071
561,526,1087
615,602,1217
819,263,1082
793,429,1222
853,379,1232
570,297,867
892,541,1433
1001,537,1538
706,421,1127
732,469,1201
828,590,1418
857,564,1421
1004,149,1153
1010,149,1159
1034,149,1183
1028,149,1177
997,149,1146
400,201,601
394,197,591
370,212,582
363,220,583
376,248,624
582,373,955
591,385,976
624,428,1052
601,508,1109
583,505,1088
751,384,1135
787,449,1236
876,434,1310
812,533,1345
916,513,1429
683,424,1107
772,499,1271
726,473,1199
838,584,1422
842,559,1401
1011,149,1160
996,149,1145
1029,149,1178
990,149,1139
1000,165,1165
377,208,585
356,208,564
362,222,584
395,227,622
382,245,627
622,372,994
564,462,1026
611,421,1032
585,485,1070
584,502,1086
775,406,1181
826,392,1218
795,415,1210
872,453,1325
870,498,1368
677,436,1113
710,460,1170
730,425,1155
744,492,1236
804,543,1347
990,149,1139
1011,149,1160
1030,149,1179
1017,149,1166
377,199,576
356,204,560
396,207,603
357,208,565
383,212,595
560,397,957
565,419,984
595,475,1070
576,497,1073
603,666,1269
761,316,1077
866,373,1239
882,307,1189
784,475,1259
601,351,952
1070,476,1546
613,324,937
685,389,1074
761,531,1292
801,517,1318
1008,149,1157
1011,149,1160
995,149,1144
1016,149,1165
374,194,568
377,206,583
358,215,573
382,210,592
361,222,583
583,433,1016
573,427,1000
568,561,1129
592,413,1005
583,557,1140
818,321,1139
793,470,1263
803,430,1233
943,502,1445
926,501,1427
627,360,987
757,507,1264
741,475,1216
805,548,1353
791,537,1328
1010,116,1126
1032,149,1181
991,149,1140
1029,149,1178
343,162,505
398,189,587
378,231,609
357,203,560
395,213,608
538,449,987
560,330,890
587,490,1077
609,466,1075
608,566,1174
833,325,1158
695,361,1056
852,393,1245
896,457,1353
630,365,995
647,398,1045
969,524,1493
700,442,1142
784,503,1287
848,581,1429
1018,149,1167
1033,149,1182
1029,149,1178
1028,149,1177
1007,149,1156
384,193,577
373,200,573
394,204,598
399,198,597
395,220,615
598,454,1052
573,470,1043
577,510,1087
615,554,1169
902,355,1257
856,416,1272
851,436,1287
864,467,1331
957,465,1422
668,401,1069
739,453,1192
738,482,1220
795,508,1303
789,506,1295
1029,149,1178
993,149,1142
1034,149,1183
1011,149,1160
389,198,587
377,196,573
400,216,616
395,228,623
359,230,589
587,336,923
616,372,988
589,372,961
573,434,1007
623,425,1048
733,369,1102
828,348,1176
739,411,1150
780,422,1202
819,558,1377
687,405,1092
672,389,1061
699,464,1163
751,463,1214
864,625,1489
997,149,1146
998,149,1147
1031,149,1180
1011,149,1160
375,199,574
397,198,595
377,209,586
364,213,577
363,231,594
595,391,986
577,381,958
594,427,1021
574,474,1048
586,465,1051
796,363,1159
753,379,1132
798,328,1126
857,402,1259
850,465,1315
620,366,986
689,404,1093
672,395,1067
706,430,1136
771,519,1290
993,149,1142
1031,149,1180
1020,149,1169
386,201,587
400,197,597
400,218,618
359,228,587
397,254,651
587,385,972
587,466,1053
618,451,1069
597,503,1100
651,491,1142
860,387,1247
911,386,1297
752,490,1242
859,631,1490
702,417,1119
896,541,1437
715,409,1124
778,525,1303
960,668,1628
867,590,1457
1029,119,1148
993,149,1142
1014,149,1163
1026,149,1175
997,149,1146
365,169,534
363,160,523
392,173,565
380,195,575
359,208,567
564,356,920
567,358,925
565,426,991
523,473,996
575,464,1039
759,365,1124
826,326,1152
844,321,1165
725,386,1111
852,455,1307
689,402,1091
647,364,1011
613,354,967
674,425,1099
764,506,1270
992,84,1076
1017,84,1101
1011,84,1095
998,103,1101
996,117,1113
318,122,440
312,124,436
293,144,437
318,125,443
330,163,493
489,382,871
502,470,972
525,499,1024
501,655,1156
505,728,1233
836,306,1142
754,717,1471
593,358,951
869,504,1373
1119,681,1800
1040,738,1778
795,561,1356
1010,779,1789
993,691,1684
1044,776,1820
999,70,1069
1019,70,1089
1003,70,1073
1008,84,1092
998,84,1082
306,112,418
286,114,400
290,113,403
309,129,438
299,148,447
497,447,944
479,448,927
482,518,1000
512,475,987
503,525,1028
821,311,1132
847,361,1208
840,452,1292
895,383,1278
907,389,1296
605,352,957
681,399,1080
766,467,1233
692,445,1137
654,394,1048
1003,70,1073
998,84,1082
996,103,1099
996,117,1113
290,113,403
283,116,399
316,126,442
299,153,452
330,159,489
478,408,886
482,437,919
521,469,990
517,511,1028
488,555,1043
778,395,1173
814,381,1195
839,375,1214
883,581,1464
679,403,1082
686,418,1104
925,554,1479
666,427,1093
874,655,1529
845,611,1456
996,70,1066
1008,103,1111
1001,103,1104
1011,103,1114
1003,117,1120
283,110,393
328,150,478
321,147,468
331,148,479
337,175,512
472,344,816
514,388,902
544,353,897
524,468,992
525,518,1043
730,353,1083
714,489,1203
763,534,1297
850,390,1240
903,467,1370
651,400,1051
780,515,1295
693,402,1095
830,580,1410
773,510,1283
1009,70,1079
1009,70,1079
1007,103,1110
996,117,1113
296,114,410
296,110,406
283,116,399
327,168,495
330,165,495
489,364,853
478,382,860
485,494,979
527,470,997
541,468,1009
752,310,1062
747,351,1098
877,491,1368
601,343,944
840,372,1212
849,504,1353
655,389,1044
663,419,1082
795,504,1299
806,556,1362
996,70,1066
1003,84,1087
1003,84,1087
1008,103,1111
1001,117,1118
283,113,396
304,138,442
304,144,448
328,170,498
335,182,517
507,313,820
544,386,930
475,481,956
549,447,996
513,543,1056
690,312,1002
768,347,1115
920,347,1267
822,373,1195
851,522,1373
610,341,951
650,386,1036
645,388,1033
669,414,1083
813,555,1368
1005,70,1075
994,103,1097
1008,103,1111
996,117,1113
1008,117,1125
292,127,419
314,138,452
328,157,485
330,165,495
342,180,522
531,388,919
498,464,962
527,461,988
498,551,1049
554,679,1233
832,364,1196
831,374,1205
770,572,1342
930,560,1490
1061,352,1413
665,400,1065
653,438,1091
655,396,1051
875,595,1470
860,612,1472
996,70,1066
1017,84,1101
1019,84,1103
1008,103,1111
1009,103,1112
283,110,393
318,126,444
320,125,445
328,156,484
329,158,487
472,396,868
510,443,953
509,444,953
530,395,925
533,465,998
766,383,1149
777,386,1163
848,339,1187
836,448,1284
835,473,1308
674,436,1110
643,365,1008
689,402,1091
762,491,1253
785,514,1299
1011,84,1095
1009,103,1112
994,103,1097
996,103,1099
1001,117,1118
312,145,457
329,161,490
316,150,466
314,155,469
335,183,518
536,450,986
515,447,962
512,501,1013
550,464,1014
522,521,1043
815,373,1188
839,271,1110
833,452,1285
871,402,1273
567,310,877
906,514,1420
662,412,1074
693,456,1149
756,508,1264
820,537,1357
1008,70,1078
1008,103,1111
996,102,1098
996,103,1099
994,114,1108
295,119,414
328,155,483
325,149,474
316,164,480
315,152,467
509,457,966
493,598,1091
526,616,1142
514,533,1047
529,747,1276
825,356,1181
986,375,1361
980,561,1541
903,515,1418
1129,451,1580
645,385,1030
666,432,1098
754,464,1218
864,600,1464
806,565,1371
1003,70,1073
1001,84,1085
1008,103,1111
1003,117,1120
288,117,405
290,114,404
302,142,444
328,149,477
337,192,529
483,436,919
484,502,986
509,472,981
561,448,1009
523,630,1153
813,393,1206
825,345,1170
847,447,1294
877,504,1381
1012,381,1393
691,412,1103
643,390,1033
743,471,1214
684,421,1105
800,538,1338
1001,70,1071
1008,70,1078
994,103,1097
1003,103,1106
1008,103,1111
288,117,405
295,119,414
314,135,449
323,158,481
328,171,499
484,417,901
527,378,905
545,370,915
493,481,974
495,482,977
792,332,1124
755,278,1033
850,414,1264
863,473,1336
752,529,1281
628,363,991
576,319,895
703,494,1197
776,485,1261
832,585,1417
996,70,1066
998,84,1082
992,84,1076
1008,103,1111
996,103,1099
283,110,393
299,129,428
293,141,434
316,138,454
328,159,487
472,363,835
493,459,952
499,450,949
500,428,928
533,498,1031
733,358,1091
831,390,1221
816,444,1260
798,443,1241
649,404,1053
683,431,1114
731,478,1209
734,500,1234
880,738,1618
1041,778,1819
996,70,1066
992,84,1076
1003,103,1106
1001,103,1104
994,117,1111
283,131,414
293,125,418
328,136,464
321,155,476
323,192,515
522,355,877
493,431,924
483,443,926
496,427,923
561,489,1050
730,337,1067
809,354,1163
801,418,1219
795,444,1239
866,529,1395
633,390,1023
641,401,1042
709,459,1168
733,450,1183
827,541,1368
996,70,1066
1003,103,1106
1000,117,1117
999,117,1116
283,115,398
319,147,466
323,150,473
333,166,499
334,168,502
477,418,895
519,404,923
512,408,920
531,417,948
534,530,1064
781,345,1126
788,399,1187
790,338,1128
904,321,1225
781,483,1264
643,378,1021
690,417,1107
632,355,987
616,373,989
777,543,1320
996,70,1066
996,70,1066
998,84,1082
1003,84,1087
1019,100,1119
283,110,393
283,110,393
299,122,421
304,145,449
336,147,483
472,343,815
472,344,816
486,398,884
514,432,946
532,471,1003
770,372,1142
714,488,1202
713,487,1200
809,414,1223
864,390,1254
665,407,1072
712,436,1148
779,515,1294
778,514,1292
704,424,1128
1009,70,1079
1003,70,1073
1000,84,1084
1008,103,1111
1017,103,1120
296,110,406
290,113,403
301,132,433
337,131,468
328,176,504
485,356,841
482,412,894
514,438,952
550,459,1009
789,353,1142
498,804,1302
739,530,1269
841,429,1270
829,479,1308
651,382,1033
1178,461,1639
732,445,1177
834,570,1404
791,528,1319
756,508,1264
1019,100,1119
1008,103,1111
998,117,1115
999,117,1116
1001,117,1118
336,137,473
332,134,466
328,160,488
333,175,508
335,187,522
522,388,910
498,463,961
540,435,975
554,430,984
534,519,1053
808,329,1137
835,378,1213
805,380,1185
781,588,1369
901,574,1475
623,376,999
671,390,1061
676,424,1100
902,628,1530
877,594,1471
1008,84,1092
1008,103,1111
998,117,1115
996,117,1113
998,117,1115
309,135,444
332,149,481
330,166,496
328,185,513
332,173,505
509,368,877
528,484,1012
537,466,1003
559,496,1055
513,568,1081
750,515,1265
854,369,1223
878,390,1268
838,462,1300
940,584,1524
660,398,1058
693,409,1102
818,521,1339
755,491,1246
877,671,1548
1008,70,1078
1008,70,1078
1007,103,1110
1009,103,1112
295,106,401
295,112,407
283,118,401
327,169,496
329,158,487
480,428,908
542,354,896
486,468,954
480,506,986
533,452,985
735,273,1008
810,419,1229
876,428,1304
835,416,1251
850,498,1348
575,302,877
719,444,1163
720,456,1176
722,458,1180
801,586,1387
996,70,1066
1003,84,1087
1003,84,1087
994,96,1090
996,103,1099
283,125,408
307,119,426
304,144,448
304,141,445
316,184,500
479,425,904
546,368,914
510,439,949
487,487,974
513,626,1139
738,363,1101
793,415,1208
857,404,1261
1003,282,1285
816,396,1212
654,383,1037
580,295,875
704,460,1164
695,415,1110
694,428,1122
996,70,1066
996,70,1066
1005,84,1089
1003,103,1106
1005,117,1122
283,110,393
283,132,415
306,138,444
323,149,472
339,183,522
518,339,857
509,402,911
472,508,980
494,550,1044
554,461,1015
716,444,1160
781,432,1213
878,501,1379
920,539,1459
840,526,1366
742,486,1228
732,460,1192
792,537,1329
830,593,1423
826,614,1440
996,70,1066
994,103,1097
1008,103,1111
1011,103,1114
994,117,1111
283,121,404
314,130,444
331,153,484
328,176,504
328,171,499
550,375,925
531,424,955
483,563,1046
490,556,1046
530,525,1055
792,319,1111
924,444,1368
757,459,1216
910,514,1424
933,575,1508
608,371,979
733,466,1199
762,513,1275
820,607,1427
866,599,1465
1021,84,1105
1021,103,1124
998,103,1101
322,136,458
318,137,455
316,148,464
337,168,505
341,176,517
501,489,990
510,492,1002
551,364,915
523,637,1160
563,601,1164
861,337,1198
755,364,1119
862,413,1275
1032,544,1576
996,542,1538
630,361,991
676,400,1076
704,445,1149
858,576,1434
860,593,1453
1008,70,1078
996,84,1080
1001,84,1085
1003,103,1106
1003,117,1120
295,118,413
297,136,433
302,140,442
323,151,474
337,169,506
520,366,886
492,430,922
507,397,904
538,347,885
498,625,1123
743,366,1109
724,311,1035
812,431,1243
995,354,1349
772,576,1348
664,382,1046
609,351,960
734,433,1167
645,380,1025
872,608,1480
1008,70,1078
996,70,1066
1008,70,1078
1019,70,1089
996,103,1099
306,110,416
283,127,410
295,131,426
295,131,426
316,169,485
489,344,833
495,408,903
505,394,899
505,423,928
531,406,937
714,331,1045
776,375,1151
776,381,1157
805,485,1290
801,609,1410
622,345,967
678,420,1098
672,474,1146
788,516,1304
923,650,1573
996,70,1066
996,70,1066
996,70,1066
1005,103,1108
283,118,401
283,114,397
283,112,395
283,114,397
325,163,488
476,326,802
476,333,809
474,363,837
480,437,917
534,425,959
733,291,1024
807,243,1050
703,320,1023
696,488,1184
804,425,1229
534,264,798
582,318,900
611,337,948
779,534,1313
725,440,1165
1008,70,1078
1007,70,1077
994,84,1078
1009,84,1093
1003,103,1106
294,113,407
295,141,436
295,128,423
310,126,436
323,150,473
486,355,841
501,416,917
519,401,920
488,436,924
515,522,1037
799,403,1202
736,505,1241
804,428,1232
778,567,1345
707,439,1146
807,555,1362
717,520,1237
763,536,1299
865,577,1442
996,70,1066
998,84,1082
992,84,1076
1008,103,1111
1001,117,1118
283,115,398
299,126,425
293,152,445
328,168,496
335,177,512
477,363,840
542,317,859
490,438,928
544,384,928
733,298,1031
699,282,981
510,480,990
759,291,1050
810,474,1284
589,343,932
585,333,918
846,319,1165
587,338,925
606,366,972
767,497,1264
996,70,1066
1017,70,1087
1001,84,1085
996,103,1099
1008,103,1111
283,110,393
304,116,420
302,134,436
316,145,461
328,180,508
554,359,913
507,414,921
472,531,1003
501,475,976
499,536,1035
784,280,1064
850,403,1253
741,515,1256
901,550,1451
571,323,894
927,532,1459
699,443,1142
818,559,1377
841,594,1435
844,559,1403
1008,84,1092
999,84,1083
1019,103,1122
1008,103,1111
1003,117,1120
300,141,441
339,131,470
309,143,452
328,172,500
337,173,510
546,370,916
506,452,958
516,445,961
517,636,1153
542,610,1152
752,346,1098
825,413,1238
838,443,1281
987,349,1336
649,387,1036
1018,561,1579
707,472,1179
757,483,1240
647,381,1028
864,580,1444
996,70,1066
1008,70,1078
1008,103,1111
1001,103,1104
996,117,1113
283,118,401
295,134,429
328,149,477
321,147,468
330,183,513
514,402,916
480,479,959
523,502,1025
545,445,990
508,660,1168
777,424,1201
884,400,1284
815,408,1223
849,505,1354
1042,621,1663
720,478,1198
703,424,1127
699,484,1183
796,526,1322
924,659,1583
996,70,1066
996,70,1066
998,84,1082
1001,103,1104
283,110,393
283,128,411
283,115,398
299,155,454
321,146,467
472,335,807
519,395,914
490,470,960
477,456,933
513,685,1198
705,488,1193
767,404,1171
826,421,1247
840,468,1308
779,514,1293
697,497,1194
712,441,1153
1060,682,1742
759,545,1304
978,710,1688
1005,70,1075
996,84,1080
1008,84,1092
1015,100,1115
999,117,1116
292,113,405
309,123,432
297,152,449
332,139,471
333,171,504
484,383,867
497,405,902
520,453,973
536,503,1039
514,526,1040
762,546,1308
876,371,1247
842,536,1378
787,657,1444
896,505,1401
665,418,1083
846,586,1432
846,563,1409
960,695,1655
796,537,1333
1003,70,1073
1003,70,1073
1003,84,1087
1017,84,1101
996,117,1113
290,117,407
290,116,406
318,122,440
304,134,438
330,155,485
486,382,868
503,367,870
505,408,913
517,373,890
485,351,836
759,385,1144
744,363,1107
743,335,1078
728,481,1209
799,591,1390
661,385,1046
683,426,1109
779,530,1309
903,631,1534
626,382,1008
1009,70,1079
1008,86,1094
1017,84,1101
1008,103,1111
1008,103,1111
296,117,413
311,122,433
318,121,439
328,167,495
328,176,504
492,406,898
541,342,883
550,407,957
504,495,999
724,312,1036
496,745,1241
789,400,1189
789,550,1339
886,456,1342
615,335,950
703,440,1143
1127,739,1866
768,534,1302
854,606,1460
1042,803,1845
996,70,1066
1008,84,1092
994,103,1097
1001,103,1104
1001,103,1104
283,135,418
309,140,449
321,147,468
321,146,467
314,176,490
513,405,918
497,454,951
514,401,915
536,406,942
514,592,1106
776,337,1113
774,393,1167
824,503,1327
780,661,1441
633,380,1013
974,587,1561
682,443,1125
794,528,1322
890,613,1503
957,742,1699
999,84,1083
992,103,1095
1019,103,1122
1011,103,1114
300,136,436
331,153,484
312,163,475
339,160,499
545,315,860
530,470,1000
531,495,1026
501,428,929
521,575,1096
708,347,1055
855,314,1169
801,443,1244
877,477,1354
941,403,1344
661,381,1042
620,340,960
690,443,1133
737,496,1233
780,509,1289
1001,70,1071
1008,70,1078
994,84,1078
1008,103,1111
1008,117,1125
288,116,404
295,116,411
295,138,433
342,165,507
328,178,506
483,413,896
498,422,920
490,471,961
539,383,922
552,430,982
853,390,1243
812,410,1222
765,475,1240
693,421,1114
713,423,1136
778,488,1266
790,1109,1899
788,719,1507
1015,800,1815
1398,1203,2601
996,70,1066
1003,84,1087
1008,103,1111
994,103,1097
999,103,1102
283,137,420
304,131,435
319,147,466
328,156,484
314,165,479
500,389,889
499,458,957
525,405,930
512,623,1135
530,669,1199
773,366,1139
828,445,1273
766,536,1302
996,436,1432
655,459,1114
736,477,1213
1051,660,1711
834,564,1398
730,461,1191
963,688,1651
1009,70,1079
1008,84,1092
1008,84,1092
996,103,1099
996,103,1099
296,114,410
309,140,449
309,164,473
316,172,488
316,180,496
489,413,902
538,343,881
542,366,908
514,477,991
534,511,1045
725,334,1059
796,403,1199
736,564,1300
881,498,1379
859,567,1426
637,350,987
707,442,1149
789,518,1307
855,589,1444
870,593,1463
996,70,1066
1003,70,1073
1008,103,1111
996,117,1113
998,117,1115
283,110,393
290,114,404
330,138,468
328,176,504
332,169,501
472,336,808
550,397,947
500,458,958
483,536,1019
533,557,1090
706,484,1190
779,389,1168
828,434,1262
929,364,1293
913,519,1432
692,433,1125
775,538,1313
657,386,1043
725,487,1212
817,539,1356
996,70,1066
1011,103,1114
1000,117,1117
1008,117,1125
999,117,1116
283,134,417
331,144,475
334,163,497
342,172,514
333,172,505
496,395,891
546,394,940
521,502,1023
537,492,1029
529,520,1049
765,381,1146
776,341,1117
894,327,1221
887,511,1398
865,488,1353
644,361,1005
672,403,1075
622,379,1001
782,505,1287
817,547,1364
1003,70,1073
1003,70,1073
998,84,1082
1008,103,1111
998,117,1115
290,109,399
290,114,404
299,129,428
332,161,493
328,211,539
478,369,847
483,562,1045
493,548,1041
525,510,1035
585,570,1155
746,361,1107
920,536,1456
939,548,1487
882,409,1291
659,401,1060
952,583,1535
702,460,1162
829,591,1420
846,584,1430
886,621,1507
1008,70,1078
1001,70,1071
996,70,1066
998,84,1082
1003,103,1106
288,114,402
295,117,412
283,110,393
299,127,426
323,155,478
472,325,797
524,377,901
491,438,929
491,494,985
695,317,1012
481,792,1273
754,344,1098
810,340,1150
876,398,1274
608,333,941
642,387,1029
633,392,1025
701,469,1170
1167,797,1964
1093,850,1943
1011,70,1081
996,70,1066
1003,84,1087
1003,84,1087
1005,117,1122
298,110,408
283,116,399
304,140,444
304,139,443
339,188,527
487,377,864
478,386,864
509,437,946
508,480,988
559,487,1046
756,396,1152
814,392,1206
762,551,1313
857,486,1343
866,476,1342
687,418,1105
690,443,1133
784,483,1267
857,572,1429
776,503,1279
1008,70,1078
994,103,1097
1021,103,1124
1001,117,1118
295,121,416
314,138,452
323,144,467
341,163,504
335,171,506
498,411,909
513,412,925
550,452,1002
538,473,1011
495,611,1106
789,420,1209
779,426,1205
847,436,1283
848,461,1309
718,454,1172
752,448,1200
993,597,1590
757,490,1247
900,627,1527
1011,70,1081
996,70,1066
996,70,1066
994,84,1078
996,84,1080
283,118,401
298,123,421
297,138,435
283,140,423
295,139,434
502,391,893
499,414,913
480,487,967
500,359,859
500,493,993
761,391,1152
782,482,1264
857,451,1308
744,509,1253
863,490,1353
682,414,1096
742,484,1226
771,564,1335
815,553,1368
781,534,1315
1013,70,1083
992,84,1076
1008,84,1092
992,103,1095
300,121,421
293,129,422
312,138,450
337,169,506
309,176,485
500,333,833
496,367,863
487,454,941
552,443,995
550,624,1174
820,342,1162
733,423,1156
834,393,1227
720,599,1319
629,394,1023
1006,616,1622
705,438,1143
710,522,1232
907,640,1547
919,634,1553
998,84,1082
998,84,1082
1003,103,1106
994,103,1097
996,117,1113
299,131,430
299,156,455
314,138,452
323,167,490
330,159,489
536,424,960
495,472,967
521,428,949
520,477,997
498,502,1000
844,349,1193
798,350,1148
870,342,1212
801,444,1245
849,452,1301
642,381,1023
641,378,1019
631,375,1006
742,505,1247
745,504,1249
1044,84,1128
1063,84,1147
1051,103,1154
1050,103,1153
1042,117,1159
345,129,474
364,155,519
371,159,530
376,154,530
370,176,546
539,479,1018
576,460,1036
584,506,1090
562,585,1147
592,736,1328
897,451,1348
943,461,1404
885,727,1612
1001,581,1582
790,484,1274
819,448,1267
1160,665,1825
918,697,1615
1073,796,1869
1010,698,1708
1046,84,1130
1060,84,1144
1048,103,1151
1044,103,1147
1044,117,1161
347,121,468
361,147,508
368,144,512
364,172,536
378,168,546
582,432,1014
573,486,1059
533,595,1128
578,600,1178
558,692,1250
850,419,1269
1018,365,1383
1015,568,1583
920,642,1562
758,439,1197
704,414,1118
1114,685,1799
909,606,1515
997,681,1678
1028,720,1748
1055,70,1125
1071,84,1155
1042,103,1145
1051,103,1154
1053,117,1170
342,127,469
372,120,492
371,151,522
362,165,527
387,186,573
605,404,1009
548,426,974
573,522,1095
568,600,1168
855,422,1277
831,599,1430
938,581,1519
1025,737,1762
772,467,1239
947,659,1606
918,716,1634
1083,837,1920
557,4096,4653
4541,679,5220
1045,707,1752
1040,84,1124
1044,84,1128
1044,103,1147
1046,103,1149
1044,103,1147
341,125,466
345,144,489
364,162,526
364,157,521
366,171,537
583,391,974
572,489,1061
531,630,1161
567,591,1158
554,655,1209
811,422,1233
907,487,1394
1044,481,1525
1073,540,1613
1009,578,1587
763,470,1233
826,528,1354
816,511,1327
879,563,1442
917,606,1523
1049,84,1133
1049,103,1152
1058,103,1161
1049,103,1152
1046,117,1163
350,139,489
369,150,519
378,159,537
369,160,529
380,166,546
554,491,1045
578,453,1031
583,534,1117
565,606,1171
575,843,1418
914,480,1394
873,469,1342
966,515,1481
1029,607,1636
1266,437,1703
824,510,1334
810,519,1329
868,551,1419
781,481,1262
951,638,1589
1044,84,1128
1049,103,1152
1042,103,1145
1063,117,1180
1044,117,1161
345,148,493
369,145,514
362,159,521
397,176,573
378,189,567
560,444,1004
605,463,1068
567,507,1074
599,663,1262
558,650,1208
900,465,1365
867,673,1540
1068,377,1445
1081,569,1650
923,839,1762
823,522,1345
716,409,1125
1017,695,1712
908,605,1513
1176,899,2075
1055,84,1139
1048,103,1151
1051,103,1154
1051,103,1154
1044,117,1161
356,154,510
368,157,525
371,151,522
371,159,530
378,175,553
575,400,975
571,441,1012
568,490,1058
576,508,1084
829,412,1241
863,441,1304
585,902,1487
933,606,1539
762,462,1224
915,840,1755
784,483,1267
1320,681,2001
952,741,1693
1186,889,2075
1020,676,1696
1046,103,1149
1046,103,1149
1053,117,1170
1044,117,1161
1046,117,1163
366,154,520
366,182,548
378,176,554
387,175,562
380,183,563
595,407,1002
594,427,1021
566,445,1011
586,517,1103
594,591,1185
847,346,1193
865,588,1453
935,560,1495
687,372,1059
1018,587,1605
827,804,1631
899,598,1497
929,723,1652
935,616,1551
1145,896,2041
1040,84,1124
1044,84,1128
1060,84,1144
1060,103,1163
1048,103,1151
341,139,480
361,151,512
345,163,508
380,156,536
368,163,531
545,406,951
573,429,1002
582,542,1124
577,568,1145
577,666,1243
820,340,1160
847,511,1358
1002,482,1484
976,534,1510
675,393,1068
1088,531,1619
850,564,1414
837,523,1360
889,580,1469
874,544,1418
1049,103,1152
1060,103,1163
1071,103,1174
1042,117,1159
369,146,515
380,150,530
364,152,516
391,163,554
376,179,555
576,412,988
587,369,956
562,430,992
561,443,1004
600,456,1056
785,363,1148
866,370,1236
848,443,1291
901,472,1373
846,722,1568
700,413,1113
714,419,1133
782,486,1268
838,514,1352
1077,750,1827
1069,84,1153
1066,103,1169
1060,103,1163
1048,117,1165
1048,117,1165
370,152,522
386,173,559
382,165,547
382,175,557
589,424,1013
605,445,1050
579,461,1040
581,563,1144
587,622,1209
883,432,1315
885,559,1444
997,602,1599
1065,606,1671
846,847,1693
775,451,1226
920,588,1508
970,634,1604
957,639,1596
1190,957,2147
1058,103,1161
1067,103,1170
1051,103,1154
1062,117,1179
371,146,517
378,150,528
387,156,543
378,152,530
396,189,585
576,363,939
574,460,1034
563,472,1035
589,491,1080
617,594,1211
932,220,1152
795,368,1163
897,392,1289
582,247,829
721,413,1134
892,694,1586
1030,547,1577
738,423,1161
904,582,1486
1047,756,1803
1048,103,1151
1053,103,1156
1044,103,1147
1044,117,1161
1058,117,1175
373,153,526
378,170,548
368,176,544
364,176,540
392,191,583
572,414,986
580,498,1078
590,528,1118
586,536,1122
615,525,1140
916,338,1254
957,514,1471
954,535,1489
841,714,1555
677,376,1053
867,552,1419
874,580,1454
950,894,1844
1062,750,1812
1237,923,2160
1048,84,1132
1064,103,1167
1044,103,1147
1050,117,1167
349,145,494
364,161,525
384,173,557
368,161,529
384,179,563
595,441,1036
575,453,1028
603,507,1110
571,616,1187
559,751,1310
945,509,1454
875,610,1485
865,677,1542
1034,589,1623
1173,751,1924
868,540,1408
953,641,1594
928,705,1633
1022,798,1820
1094,799,1893
1061,84,1145
1048,84,1132
1053,84,1137
1046,117,1163
1055,117,1172
349,119,468
362,126,488
354,143,497
380,155,535
389,179,568
533,348,881
562,481,1043
600,489,1089
567,520,1087
553,823,1376
770,648,1418
940,458,1398
918,655,1573
908,923,1831
799,501,1300
1258,834,2092
991,778,1769
1005,667,1672
1271,987,2258
1190,928,2118
1048,70,1118
1058,103,1161
1049,103,1152
1044,117,1161
1040,117,1157
335,113,448
369,148,517
378,156,534
374,165,539
378,187,565
571,352,923
563,425,988
597,450,1047
580,491,1071
527,734,1261
766,620,1386
868,517,1385
848,646,1494
923,719,1642
1156,659,1815
856,566,1422
955,675,1630
990,690,1680
1002,688,1690
1072,756,1828
1046,117,1163
1042,117,1159
1046,117,1163
1055,117,1172
1053,117,1170
380,162,542
389,172,561
380,190,570
376,197,573
387,173,560
574,428,1002
602,411,1013
593,480,1073
592,480,1072
605,724,1329
848,448,1296
831,791,1622
1140,501,1641
909,782,1691
907,777,1684
789,490,1279
838,528,1366
1132,835,1967
1132,810,1942
1125,806,1931
1046,84,1130
1057,84,1141
1046,117,1163
1042,117,1159
1046,117,1163
347,122,469
358,120,478
380,167,547
376,200,576
380,204,584
534,439,973
579,439,1018
543,541,1084
616,448,1064
608,606,1214
859,436,1295
859,436,1295
1022,411,1433
777,478,1255
972,824,1796
868,841,1709
777,478,1255
748,463,1211
1176,957,2133
1182,893,2075
1051,84,1135
1063,103,1166
1055,103,1158
1063,117,1180
1063,117,1180
352,135,487
383,147,530
375,163,538
397,171,568
397,192,589
584,392,976
552,465,1017
600,466,1066
576,556,1132
621,611,1232
821,397,1218
903,468,1371
890,813,1703
747,427,1174
1048,828,1876
826,506,1332
993,963,1956
1159,857,2016
1321,1001,2322
1186,956,2142
1048,70,1118
1050,70,1120
1060,84,1144
1058,103,1161
1042,117,1159
335,121,456
337,122,459
361,144,505
378,143,521
376,172,548
580,381,961
535,476,1011
567,488,1055
538,503,1041
570,611,1181
898,471,1369
927,452,1379
920,502,1422
797,708,1505
1045,570,1615
814,520,1334
855,537,1392
797,507,1304
925,614,1539
1045,832,1877
1048,70,1118
1057,84,1141
1057,84,1141
1075,103,1178
335,115,450
358,139,497
358,145,503
360,147,507
395,159,554
572,400,972
562,509,1071
529,603,1132
600,583,1183
568,649,1217
833,247,1080
601,295,896
940,552,1492
1032,478,1510
1080,504,1584
1025,683,1708
904,587,1491
856,525,1381
848,549,1397
1026,804,1830
1046,70,1116
1042,84,1126
1058,103,1161
1065,103,1168
333,140,473
343,124,467
378,160,538
385,164,549
368,167,535
532,452,984
595,473,1068
581,498,1079
584,555,1139
552,751,1303
920,367,1287
868,483,1351
912,474,1386
987,722,1709
710,397,1107
1171,764,1935
834,510,1344
820,578,1398
1075,760,1835
1105,790,1895
1044,84,1128
1044,84,1128
1058,103,1161
1051,103,1154
1062,117,1179
345,133,478
345,155,500
378,156,534
371,167,538
396,208,604
543,497,1040
584,447,1031
565,471,1036
580,510,1090
636,548,1184
915,588,1503
942,520,1462
984,531,1515
872,781,1653
889,604,1493
873,555,1428
927,704,1631
888,567,1455
943,699,1642
1127,809,1936
1071,84,1155
1058,103,1161
1049,103,1152
1063,117,1180
358,130,488
372,155,527
378,157,535
369,153,522
397,187,584
616,409,1025
568,480,1048
553,537,1090
592,616,1208
581,781,1362
846,405,1251
903,595,1498
1061,488,1549
968,924,1892
763,454,1217
1213,778,1991
854,475,1329
939,634,1573
1276,952,2228
1131,814,1945
1048,84,1132
1059,103,1162
1051,103,1154
1046,117,1163
1044,117,1161
379,133,512
349,146,495
371,164,535
380,155,535
378,180,558
560,520,1080
581,477,1058
567,501,1068
590,547,1137
942,529,1471
965,479,1444
921,598,1519
902,620,1522
558,831,1389
872,555,1427
818,572,1390
966,639,1605
939,733,1672
1264,683,1947
1037,777,1814
1044,84,1128
1046,84,1130
1047,103,1150
1046,103,1149
1071,103,1174
345,160,505
347,163,510
367,148,515
391,165,556
366,169,535
561,414,975
602,454,1056
570,575,1145
581,668,1249
575,734,1309
899,450,1349
835,625,1460
993,582,1575
1088,481,1569
1154,552,1706
816,505,1321
967,639,1606
822,564,1386
921,602,1523
893,588,1481
1046,70,1116
1065,84,1149
1071,84,1155
1055,117,1172
1063,117,1180
333,122,455
366,133,499
372,137,509
389,170,559
397,197,594
564,417,981
574,504,1078
534,650,1184
591,631,1222
626,641,1267
856,442,1298
949,833,1782
1060,637,1697
1078,622,1700
802,493,1295
1070,1031,2101
987,640,1627
1199,894,2093
980,667,1647
1372,1096,2468
1048,70,1118
1073,84,1157
1046,103,1149
1051,117,1168
335,124,459
374,136,510
366,169,535
380,175,555
385,174,559
591,443,1034
581,519,1100
538,608,1146
575,628,1203
587,695,1282
1115,213,1328
939,540,1479
1030,603,1633
868,679,1547
554,235,789
1075,732,1807
881,567,1448
946,635,1581
1025,758,1783
1100,845,1945
1067,103,1170
1046,117,1163
1065,117,1182
373,152,525
380,156,536
387,185,572
399,166,565
395,194,589
571,459,1030
621,457,1078
618,541,1159
597,541,1138
568,732,1300
980,469,1449
886,677,1563
982,843,1825
892,958,1850
1152,726,1878
829,516,1345
1025,791,1816
1067,773,1840
1205,867,2072
1314,996,2310
1053,84,1137
1046,103,1149
1060,117,1177
1046,117,1163
354,140,494
347,159,506
366,166,532
394,173,567
380,179,559
591,364,955
559,475,1034
578,467,1045
571,557,1128
599,632,1231
887,426,1313
902,609,1511
1066,433,1499
977,547,1524
767,481,1248
784,797,1581
788,478,1266
888,561,1449
957,634,1591
1138,855,1993
1051,103,1154
1046,117,1163
1058,117,1175
1059,117,1176
371,155,526
392,159,551
380,185,565
387,179,566
393,176,569
572,511,1083
598,493,1091
597,549,1146
583,562,1145
601,445,1046
920,491,1411
994,492,1486
936,591,1527
878,449,1327
969,596,1565
803,462,1265
839,539,1378
845,541,1386
937,713,1650
937,672,1609
1067,84,1151
1042,103,1145
1055,103,1158
1046,117,1163
1055,117,1172
368,127,495
362,139,501
375,150,525
380,175,555
389,176,565
560,419,979
587,409,996
597,421,1018
571,526,1097
547,674,1221
955,355,1310
850,370,1220
705,359,1064
1090,573,1663
860,905,1765
829,855,1684
720,424,1144
910,609,1519
1267,954,2221
1196,976,2172
1050,84,1134
1053,103,1156
1048,117,1165
1062,117,1179
1042,117,1159
351,155,506
373,144,517
382,183,565
396,182,578
376,204,580
563,375,938
597,394,991
571,491,1062
612,442,1054
610,618,1228
802,389,1191
816,371,1187
858,354,1212
915,482,1397
737,396,1133
714,402,1116
691,390,1081
1054,620,1674
827,521,1348
977,655,1632
1055,84,1139
1064,84,1148
1053,103,1156
1046,103,1149
1058,117,1175
356,141,497
365,128,493
373,148,521
366,160,526
392,175,567
558,403,961
562,485,1047
572,431,1003
599,576,1175
567,808,1375
914,487,1401
851,566,1417
841,783,1624
1008,573,1581
837,544,1381
1235,818,2053
907,611,1518
926,594,1520
1142,894,2036
1166,859,2025
1044,84,1128
1064,84,1148
1051,88,1139
1060,103,1163
1073,117,1190
345,141,486
356,128,484
365,153,518
407,164,571
380,184,564
583,518,1101
603,549,1152
545,582,1127
551,752,1303
610,819,1429
956,513,1469
996,547,1543
1253,561,1814
1170,735,1905
872,531,1403
1007,1021,2028
915,559,1474
916,650,1566
1074,835,1909
1367,1146,2513
1046,84,1130
1059,84,1143
1044,103,1147
1058,103,1161
1051,103,1154
347,129,476
360,145,505
378,150,528
364,158,522
371,166,537
568,397,965
574,455,1029
583,454,1037
570,541,1111
541,601,1142
815,418,1233
887,420,1307
974,542,1516
879,634,1513
757,460,1217
773,450,1223
1021,597,1618
896,606,1502
980,683,1663
938,646,1584
1044,84,1128
1058,103,1161
1046,103,1149
1063,117,1180
363,144,507
345,160,505
378,156,534
366,182,548
397,174,571
603,398,1001
580,461,1041
594,432,1026
570,721,1291
572,772,1344
852,450,1302
893,471,1364
835,882,1717
791,493,1284
824,508,1332
1139,559,1698
1208,907,2115
898,596,1494
1240,933,2173
1264,957,2221
1046,70,1116
1062,84,1146
1053,84,1137
1049,103,1152
1046,117,1163
333,121,454
354,133,487
363,148,511
369,148,517
380,189,569
552,444,996
576,484,1060
533,535,1068
563,474,1037
601,724,1325
920,614,1534
955,658,1613
1144,605,1749
897,770,1667
871,998,1869
971,725,1696
999,770,1769
946,717,1663
1114,801,1915
1346,1117,2463
1050,103,1153
1058,103,1161
1044,117,1161
1048,117,1165
1060,117,1177
370,161,531
378,151,529
382,160,542
378,175,553
394,173,567
575,413,988
574,495,1069
585,573,1158
599,568,1167
577,621,1198
991,522,1513
1002,511,1513
845,723,1568
917,726,1643
1045,651,1696
861,553,1414
866,550,1416
1076,767,1843
996,675,1671
1069,839,1908
1044,70,1114
1063,84,1147
1049,103,1152
1062,117,1179
1051,117,1168
331,116,447
364,146,510
369,155,524
385,182,567
396,185,581
526,452,978
575,531,1106
599,466,1065
570,614,1184
613,649,1262
870,451,1321
968,530,1498
891,641,1532
1085,638,1723
790,513,1303
1037,831,1868
888,589,1477
995,660,1655
987,693,1680
1175,875,2050
1048,70,1118
1063,84,1147
1063,84,1147
1060,117,1177
1046,103,1149
335,143,478
364,151,515
364,154,518
366,173,539
394,183,577
609,425,1034
585,487,1072
557,603,1160
583,670,1253
580,552,1132
907,366,1273
859,438,1297
1025,606,1631
707,384,1091
1107,673,1780
793,464,1257
989,847,1836
949,633,1582
1031,729,1760
1205,995,2200
1048,70,1118
1053,103,1156
1050,117,1167
1048,117,1165
1073,117,1190
335,134,469
373,165,538
384,162,546
407,192,599
382,207,589
584,416,1000
548,505,1053
631,514,1145
578,551,1129
621,548,1169
927,382,1309
975,327,1302
970,549,1519
843,754,1597
725,417,1142
672,379,1051
961,911,1872
892,589,1481
1102,782,1884
1279,973,2252
1063,84,1147
1058,103,1161
1048,117,1165
1062,117,1179
364,140,504
371,145,516
378,152,530
382,156,538
396,183,579
576,425,1001
562,504,1066
611,475,1086
570,714,1284
569,987,1556
929,438,1367
857,728,1585
1424,210,1634
1136,498,1634
911,774,1685
568,231,799
784,467,1251
841,553,1394
1081,758,1839
1131,816,1947
1053,70,1123
1050,84,1134
1059,84,1143
1051,103,1154
1058,117,1175
340,112,452
360,150,510
351,157,508
371,153,524
392,192,584
575,447,1022
531,554,1085
570,519,1089
573,555,1128
616,510,1126
981,372,1353
944,436,1380
880,454,1334
942,531,1473
979,547,1526
720,395,1115
782,468,1250
808,510,1318
884,583,1467
892,579,1471
1062,84,1146
1046,84,1130
1044,84,1128
1062,103,1165
1040,117,1157
347,132,479
363,140,503
345,138,483
382,153,535
374,165,539
548,334,882
544,423,967
581,446,1027
568,599,1167
571,564,1135
882,438,1320
752,683,1435
1035,501,1536
843,533,1376
978,779,1757
795,493,1288
858,537,1395
874,584,1458
1022,818,1840
1114,904,2018
1053,84,1137
1063,103,1166
1049,103,1152
1051,103,1154
1042,117,1159
354,140,494
383,156,539
371,151,522
369,156,525
376,174,550
582,371,953
568,428,996
559,541,1100
571,806,1377
585,687,1272
787,594,1381
853,587,1440
968,613,1581
1124,162,1286
520,183,703
1229,788,2017
933,618,1551
931,637,1568
961,727,1688
1132,886,2018
1044,84,1128
1046,103,1149
1046,103,1149
1071,117,1188
1048,117,1165
345,149,494
366,159,525
366,172,538
382,176,558
405,191,596
584,497,1081
559,562,1121
571,517,1088
628,555,1183
590,680,1270
937,331,1268
917,481,1398
1000,520,1520
980,683,1663
672,378,1050
1102,604,1706
822,474,1296
886,569,1455
947,718,1665
1022,753,1775
1046,70,1116
1058,84,1142
1051,88,1139
1064,84,1148
333,142,475
364,143,507
356,134,490
365,143,508
359,139,498
573,395,968
563,408,971
554,412,966
572,426,998
551,435,986
832,386,1218
860,430,1290
833,589,1422
840,706,1546
727,434,1161
776,467,1243
863,904,1767
948,651,1599
1059,812,1871
1262,953,2215
1062,84,1146
1049,103,1152
1060,103,1163
1042,103,1145
1071,117,1188
363,127,490
369,146,515
380,154,534
362,161,523
405,176,581
561,458,1019
613,530,1143
580,502,1082
555,730,1285
569,780,1349
881,427,1308
975,534,1509
936,541,1477
1166,585,1751
771,464,1235
1196,572,1768
900,576,1476
896,601,1497
909,608,1517
942,696,1638
1063,103,1166
1058,103,1161
1048,117,1165
1057,117,1174
1048,117,1165
383,162,545
382,146,528
378,150,528
382,175,557
391,168,559
591,453,1044
560,480,1040
589,465,1054
591,514,1105
574,475,1049
945,509,1454
887,706,1593
907,431,1338
902,833,1735
890,862,1752
861,538,1399
784,465,1249
1049,838,1887
1220,935,2155
1176,967,2143
958,86,1044
963,86,1049
961,102,1063
971,103,1074
957,106,1063
266,124,390
261,143,404
291,155,446
280,153,433
280,178,458
505,254,759
453,353,806
476,322,798
467,363,830
492,390,882
589,211,800
690,266,956
653,263,916
695,335,1030
467,245,712
735,360,1095
524,300,824
515,295,810
588,367,955
626,393,1019
954,70,1024
954,103,1057
965,122,1087
961,125,1086
954,125,1079
241,116,357
274,156,430
303,166,469
304,178,482
296,182,478
436,246,682
502,241,743
476,296,772
509,261,770
493,277,770
574,224,798
600,245,845
612,241,853
569,268,837
624,277,901
473,260,733
497,274,771
505,290,795
517,304,821
526,313,839
964,70,1034
954,70,1024
954,70,1024
954,70,1024
964,122,1086
241,112,353
241,112,353
251,133,384
241,143,384
303,186,489
432,229,661
463,271,734
463,291,754
432,382,814
557,226,783
516,355,871
629,281,910
599,341,940
710,317,1027
475,262,737
693,295,988
540,317,857
590,373,963
566,348,914
554,333,887
959,102,1061
965,100,1065
956,122,1078
965,122,1087
963,137,1100
282,125,407
278,148,426
317,176,493
304,194,498
295,202,497
456,325,781
525,241,766
505,271,776
524,304,828
473,349,822
580,219,799
608,244,852
664,285,949
634,272,906
682,249,931
479,256,735
502,276,778
545,314,859
523,311,834
503,296,799
954,70,1024
954,84,1038
958,122,1080
965,122,1087
959,137,1096
241,112,353
255,127,382
297,150,447
304,194,498
313,210,523
432,236,668
474,276,750
447,359,806
525,269,794
535,263,798
564,229,793
608,232,840
596,229,825
608,308,916
478,265,743
687,324,1011
485,261,746
483,262,745
568,342,910
573,372,945
952,117,1069
963,122,1085
964,125,1089
964,122,1086
965,125,1090
302,173,475
307,159,466
303,165,468
286,194,480
306,180,486
510,256,766
490,286,776
512,280,792
502,320,822
495,382,877
594,214,808
625,255,880
606,264,870
657,301,958
720,353,1073
473,237,710
515,291,806
511,312,823
559,334,893
612,402,1014
952,84,1036
952,84,1036
964,125,1089
969,122,1091
964,137,1101
253,136,389
253,131,384
306,172,478
308,187,495
318,194,512
502,271,773
454,352,806
449,387,836
524,314,838
609,204,813
713,234,947
522,429,951
678,356,1034
652,289,941
463,240,703
481,283,764
772,388,1160
548,332,880
603,403,1006
652,420,1072
954,70,1024
954,70,1024
952,114,1066
954,125,1079
964,137,1101
241,128,369
241,124,365
283,155,438
296,183,479
318,196,514
473,241,714
503,263,766
444,391,835
448,435,883
526,278,804
567,204,771
591,248,839
719,290,1009
451,221,672
616,271,887
763,399,1162
497,283,780
539,323,862
530,311,841
648,428,1076
954,70,1024
964,100,1064
963,100,1063
965,122,1087
959,125,1084
241,148,389
280,157,437
301,182,483
304,170,474
281,159,440
468,246,714
507,260,767
486,361,847
501,293,794
574,215,789
489,395,884
593,231,824
698,247,945
464,247,711
632,286,918
733,280,1013
485,264,749
505,289,794
546,325,871
539,294,833
964,86,1050
964,103,1067
959,125,1084
961,125,1086
964,135,1099
284,156,440
267,183,450
301,176,477
316,189,505
501,271,772
513,311,824
503,299,802
486,287,773
519,420,939
604,239,843
649,287,936
634,288,922
625,302,927
758,245,1003
493,267,760
546,302,848
544,322,866
504,280,784
561,320,881
954,70,1024
954,84,1038
963,102,1065
954,106,1060
967,125,1092
241,118,359
255,149,404
277,153,430
282,187,469
309,170,479
438,308,746
469,278,747
473,257,730
503,313,816
516,342,858
606,212,818
585,260,845
636,288,924
654,238,892
679,343,1022
461,248,709
509,294,803
537,317,854
500,272,772
601,377,978
954,70,1024
969,100,1069
961,106,1067
954,125,1079
959,122,1081
241,115,356
284,136,420
286,157,443
296,168,464
298,172,470
435,314,749
497,265,762
463,307,770
492,314,806
488,348,836
642,220,862
598,229,827
642,258,900
657,242,899
469,254,723
483,262,745
514,294,808
676,293,969
506,280,786
542,309,851
959,70,1029
961,102,1063
963,125,1088
952,114,1066
963,122,1085
246,121,367
280,152,432
283,148,431
302,181,483
305,206,511
446,328,774
466,312,778
479,347,826
510,336,846
535,453,988
661,330,991
638,298,936
682,287,969
673,261,934
543,310,853
519,299,818
545,338,883
584,372,956
790,430,1220
688,468,1156
954,70,1024
954,70,1024
964,100,1064
961,137,1098
964,137,1101
241,111,352
241,140,381
281,159,440
318,195,513
315,212,527
460,256,716
431,357,788
489,322,811
539,320,859
525,372,897
584,295,879
685,259,944
660,286,946
655,248,903
710,259,969
544,328,872
508,289,797
545,309,854
504,284,788
518,295,813
954,70,1024
954,103,1057
952,114,1066
964,125,1089
965,125,1090
241,114,355
283,147,430
274,157,431
306,178,484
307,173,480
465,238,703
434,361,795
477,318,795
508,342,850
504,350,854
564,285,849
646,259,905
689,302,991
680,294,974
689,310,999
532,320,852
551,351,902
553,333,886
570,343,913
508,276,784
975,100,1075
961,102,1063
964,125,1089
964,135,1099
954,137,1091
280,149,429
292,171,463
306,188,494
316,194,510
308,165,473
512,340,852
524,294,818
476,414,890
518,417,935
485,416,901
632,248,880
749,262,1011
689,344,1033
755,298,1053
744,303,1047
518,301,819
614,381,995
557,326,883
507,284,791
552,341,893
954,84,1038
961,102,1063
958,106,1064
961,122,1083
959,137,1096
281,105,386
255,130,385
280,170,450
313,187,500
429,333,762
450,335,785
497,312,809
300,180,480
512,325,837
665,240,905
507,268,775
663,297,960
647,301,948
658,328,986
493,282,775
603,228,831
546,345,891
557,328,885
582,370,952
484,261,745
961,122,1083
957,125,1082
964,137,1101
954,135,1089
306,171,477
300,171,471
299,203,502
318,196,514
306,186,492
498,247,745
504,300,804
526,296,822
526,301,827
506,336,842
582,243,825
627,243,870
639,256,895
664,275,939
499,276,775
495,276,771
515,292,807
641,272,913
524,305,829
534,317,851
954,100,1054
961,102,1063
964,122,1086
959,137,1096
963,137,1100
271,156,427
280,153,433
303,172,475
313,187,500
317,201,518
476,294,770
480,339,819
502,295,797
512,293,805
530,338,868
626,220,846
633,254,887
674,283,957
622,376,998
474,256,730
513,288,801
675,484,1159
539,331,870
625,423,1048
742,511,1253
967,102,1069
956,125,1081
964,125,1089
967,137,1104
957,137,1094
286,149,435
298,158,456
321,188,509
311,197,508
306,140,446
482,302,784
521,285,806
480,366,846
520,393,913
470,314,784
643,279,922
626,251,877
696,330,1026
652,286,938
724,373,1097
541,312,853
513,288,801
545,305,850
581,340,921
625,421,1046
954,70,1024
954,70,1024
964,103,1067
952,114,1066
241,117,358
241,112,353
271,150,421
284,183,467
283,173,456
432,245,677
437,277,714
470,256,726
491,255,746
513,306,819
573,231,804
605,221,826
584,263,847
581,245,826
644,260,904
470,238,708
480,267,747
512,299,811
492,288,780
519,281,800
964,70,1034
954,70,1024
954,100,1054
964,122,1086
954,135,1089
241,119,360
251,132,383
271,153,424
306,164,470
303,183,486
473,243,716
439,380,819
462,413,875
513,362,875
484,392,876
571,230,801
751,286,1037
708,362,1070
700,255,955
479,247,726
720,395,1115
545,299,844
611,371,982
514,302,816
644,454,1098
959,102,1061
963,122,1085
964,125,1089
957,137,1094
278,150,428
302,190,492
318,206,524
311,203,514
306,175,481
519,291,810
475,357,832
536,309,845
526,298,824
505,274,779
647,253,900
629,262,891
628,277,905
690,358,1048
612,251,863
512,287,799
514,299,813
535,313,848
510,283,793
612,376,988
954,70,1024
954,103,1057
954,122,1076
964,137,1101
957,137,1094
241,112,353
274,157,431
293,177,470
311,203,514
318,223,541
432,237,669
477,381,858
553,314,867
565,223,788
526,307,833
497,294,791
472,260,732
652,299,951
638,264,902
622,321,943
516,284,800
558,322,880
709,722,1431
570,373,943
971,745,1716
954,70,1024
959,102,1061
971,122,1093
952,117,1069
959,137,1096
241,121,362
278,157,435
286,167,453
310,196,506
313,212,525
537,270,807
482,344,826
441,456,897
533,372,905
485,355,840
677,257,934
784,290,1074
717,330,1047
681,294,975
603,222,825
511,296,807
539,312,851
596,342,938
476,258,734
541,339,880
964,70,1034
959,122,1081
963,125,1088
961,137,1098
961,137,1098
251,122,373
298,169,467
305,169,474
315,212,527
315,238,553
452,331,783
494,292,786
498,311,809
539,285,824
669,263,932
565,456,1021
648,265,913
620,292,912
522,281,803
625,221,846
791,317,1108
523,294,817
548,328,876
475,263,738
573,354,927
964,86,1050
964,100,1064
975,125,1100
964,137,1101
964,137,1101
267,147,414
281,156,437
318,181,499
318,199,517
317,218,535
477,264,741
486,294,780
511,281,792
559,322,881
602,226,828
632,248,880
529,400,929
619,250,869
671,292,963
485,262,747
507,287,794
509,286,795
738,322,1060
562,328,890
581,342,923
954,70,1024
954,70,1024
956,84,1040
959,122,1081
963,137,1100
241,108,349
241,121,362
257,131,388
298,163,461
317,188,505
441,340,781
453,327,780
428,306,734
488,344,832
517,304,821
668,269,937
657,258,915
677,207,884
634,270,904
641,239,880
461,249,710
518,313,831
509,299,808
497,276,773
519,306,825
952,84,1036
961,102,1063
959,106,1065
961,137,1098
954,70,1024
253,127,380
280,133,413
241,101,342
282,152,434
315,215,530
421,227,648
477,245,722
445,242,687
460,398,858
542,314,856
555,221,776
578,221,799
568,224,792
649,222,871
470,257,727
475,257,732
471,260,731
733,389,1122
478,261,739
645,411,1056
954,70,1024
961,102,1063
964,103,1067
971,100,1071
964,125,1089
241,112,353
280,131,411
288,158,446
306,175,481
284,204,488
432,285,717
458,296,754
495,328,823
505,357,862
534,362,896
613,222,835
631,231,862
673,313,986
695,283,978
471,258,729
700,325,1025
487,270,757
542,322,864
579,341,920
584,347,931
954,70,1024
954,84,1038
961,122,1083
964,122,1086
241,120,361
255,122,377
964,100,1064
300,185,485
303,188,491
281,161,442
440,260,700
442,236,678
512,323,835
588,211,799
564,226,790
518,393,911
491,341,832
658,238,896
460,248,708
475,261,736
679,288,967
731,360,1091
494,277,771
547,308,855
619,391,1010
954,70,1024
959,102,1061
961,122,1083
961,122,1083
241,127,368
278,140,418
967,122,1089
300,170,470
300,168,468
447,252,699
306,186,492
465,302,767
497,347,844
580,239,819
495,397,892
519,314,833
635,257,892
488,272,760
732,280,1012
655,264,919
682,332,1014
511,290,801
536,325,861
526,305,831
588,375,963
954,70,1024
954,70,1024
954,70,1024
959,100,1059
961,137,1098
241,101,342
241,114,355
241,137,378
276,142,418
315,217,532
421,230,651
457,265,722
434,359,793
467,363,830
558,223,781
544,333,877
593,243,836
687,344,1031
472,259,731
668,224,892
696,357,1053
492,277,769
480,263,743
593,390,983
611,381,992
954,70,1024
954,84,1038
961,102,1063
961,122,1083
255,122,377
241,124,365
954,100,1054
280,155,435
300,173,473
271,149,420
442,304,746
444,321,765
482,399,881
500,359,859
469,317,786
632,226,858
649,250,899
694,272,966
734,343,1077
645,305,950
475,260,735
499,273,772
528,306,834
554,332,886
599,363,962
959,102,1061
964,103,1067
959,106,1065
963,122,1085
957,137,1094
282,125,407
278,147,425
284,153,437
302,162,464
311,211,522
450,293,743
534,262,796
491,330,821
472,372,844
483,416,899
626,298,924
593,231,824
667,239,906
754,249,1003
705,351,1056
483,266,749
552,295,847
497,273,770
508,268,776
605,382,987
954,70,1024
961,102,1063
967,122,1089
956,122,1078
954,125,1079
241,119,360
280,130,410
296,181,477
295,188,483
306,192,498
439,240,679
457,304,761
525,260,785
510,284,794
501,300,801
568,254,822
639,260,899
601,238,839
628,308,936
503,293,796
516,299,815
557,352,909
614,4096,4710
4347,4096,8443
952,84,1036
952,100,1052
969,122,1091
957,137,1094
253,127,380
269,135,404
303,172,475
308,170,478
311,200,511
445,282,727
453,282,735
502,301,803
523,268,791
505,324,829
608,282,890
608,282,890
639,272,911
599,297,896
667,324,991
529,328,857
531,311,842
529,331,860
588,355,943
549,334,883
967,70,1037
954,84,1038
959,102,1061
952,117,1069
964,137,1101
254,110,364
255,123,378
278,148,426
286,154,440
318,198,516
443,252,695
473,256,729
443,325,768
472,340,812
528,314,842
580,205,785
589,241,830
666,297,963
454,217,671
666,301,967
652,286,938
495,278,773
559,325,884
548,333,881
545,334,879
954,70,1024
964,100,1064
959,102,1061
959,127,1086
963,137,1100
241,112,353
278,124,402
281,169,450
303,173,476
317,197,514
499,263,762
432,355,787
449,335,784
498,369,867
526,340,866
683,204,887
601,232,833
668,367,1035
702,308,1010
453,241,694
677,326,1003
491,269,760
584,358,942
562,361,923
621,395,1016
954,84,1038
956,102,1058
964,103,1067
965,122,1087
963,137,1100
255,127,382
275,156,431
284,182,466
304,168,472
317,193,510
447,337,784
478,306,784
512,317,829
522,299,821
499,347,846
636,239,875
665,295,960
655,305,960
686,300,986
636,315,951
544,317,861
490,274,764
564,329,893
560,336,896
573,348,921
954,70,1024
952,84,1036
957,102,1059
964,125,1089
964,100,1064
241,136,377
253,122,375
276,163,439
306,174,480
281,168,449
456,248,704
440,345,785
486,318,804
504,322,826
498,323,821
576,296,872
649,226,875
671,324,995
661,271,932
660,301,961
478,242,720
530,295,825
545,332,877
571,357,928
560,311,871
954,70,1024
954,100,1054
957,102,1059
957,106,1063
241,111,352
280,143,423
276,149,425
281,164,445
271,150,421
431,348,779
494,260,754
472,314,786
466,400,866
598,212,810
645,209,854
676,308,984
470,409,879
471,246,717
461,252,713
731,369,1100
737,250,987
557,334,891
499,292,791
621,390,1011
954,70,1024
958,122,1080
964,137,1101
297,128,425
318,199,517
452,353,805
529,308,837
646,293,939
954,70,1024
964,86,1050
958,84,1042
959,102,1061
964,137,1101
259,119,378
241,114,355
267,162,429
278,162,440
318,205,523
443,271,714
434,370,804
487,312,799
535,289,824
492,404,896
603,232,835
698,250,948
645,281,926
627,257,884
485,255,740
742,330,1072
499,266,765
535,309,844
516,291,807
589,369,958
954,70,1024
952,84,1036
957,122,1079
961,137,1098
253,119,372
241,139,380
296,191,487
312,189,501
315,221,536
437,265,702
459,305,764
548,340,888
514,376,890
591,215,806
513,352,865
633,314,947
462,252,714
675,344,1019
707,349,1056
563,354,917
684,623,1307
600,368,968
601,385,986
876,677,1553
954,70,1024
954,70,1024
964,100,1064
964,102,1066
954,117,1071
241,114,355
241,142,383
281,150,431
283,146,429
288,188,476
462,254,716
434,321,755
480,298,778
508,252,760
476,341,817
582,293,875
649,257,906
636,257,893
580,256,836
679,297,976
506,293,799
516,283,799
542,330,872
505,278,783
556,327,883
952,84,1036
964,86,1050
954,84,1038
964,103,1067
964,103,1067
253,126,379
255,132,387
267,169,436
284,155,439
284,189,473
444,243,687
452,240,692
519,301,820
499,335,834
485,402,887
569,232,801
568,228,796
639,210,849
673,286,959
479,251,730
477,263,740
740,346,1086
469,246,715
545,315,860
605,366,971
954,70,1024
952,100,1052
964,122,1086
969,122,1091
959,137,1096
241,111,352
269,148,417
303,165,468
308,193,501
313,195,508
431,316,747
528,260,788
466,351,817
495,298,793
520,319,839
644,277,921
603,230,833
636,280,916
652,230,882
677,317,994
494,264,758
484,270,754
539,327,866
526,312,838
564,339,903
959,70,1029
957,84,1041
961,102,1063
958,117,1075
952,114,1066
246,114,360
258,146,404
283,153,436
292,154,446
280,178,458
471,270,741
505,256,761
439,378,817
478,333,811
469,393,862
596,207,803
591,247,838
711,230,941
665,368,1033
454,243,697
503,281,784
621,403,1024
724,353,1077
484,272,756
605,370,975
954,70,1024
969,103,1072
961,102,1063
961,137,1098
241,125,366
253,130,383
289,154,443
280,160,440
315,187,502
445,271,716
448,284,732
487,284,771
514,282,796
489,360,849
610,229,839
599,288,887
619,230,849
617,253,870
703,297,1000
476,272,748
486,265,751
537,325,862
509,290,799
561,325,886
952,84,1036
964,100,1064
965,103,1068
959,106,1065
959,137,1096
253,122,375
282,128,410
281,156,437
285,164,449
313,190,503
453,316,769
486,306,792
440,369,809
495,328,823
515,338,853
644,243,887
649,301,950
667,311,978
695,335,1030
671,294,965
502,280,782
555,322,877
571,344,915
548,313,861
582,366,948
894,145,1039
896,147,1043
890,161,1051
892,157,1049
892,175,1067
260,194,454
256,211,467
268,243,511
266,241,507
284,249,533
892,131,1023
890,131,1021
892,145,1037
896,147,1043
894,161,1055
240,197,437
260,196,456
238,221,459
254,229,483
272,227,499
458,460,918
487,568,1055
477,684,1161
487,684,1171
455,790,1245
731,344,1075
835,542,1377
535,395,930
953,608,1561
1057,747,1804
949,863,1812
729,598,1327
797,677,1474
934,840,1774
1048,949,1997
894,145,1039
888,145,1033
894,157,1051
896,161,1057
894,175,1069
256,212,468
250,231,481
286,235,521
274,259,533
268,286,554
495,409,904
485,511,996
472,557,1029
521,525,1046
546,710,1256
796,475,1271
678,691,1369
774,619,1393
979,432,1411
826,690,1516
666,522,1188
621,495,1116
802,688,1490
881,739,1620
879,772,1651
896,147,1043
892,157,1049
896,171,1067
888,157,1045
266,225,491
272,223,495
262,224,486
260,242,502
284,248,532
483,440,923
483,497,980
478,501,979
504,529,1033
510,668,1178
766,407,1173
800,486,1286
707,648,1355
764,610,1374
596,466,1062
939,853,1792
677,539,1216
793,683,1476
836,713,1549
1045,904,1949
892,131,1023
890,161,1051
886,161,1047
896,161,1057
894,169,1063
240,210,450
268,200,468
274,206,480
264,224,488
280,246,526
506,396,902
456,545,1001
468,639,1107
468,652,1120
476,723,1199
665,511,1176
810,492,1302
906,593,1499
984,668,1652
923,836,1759
700,583,1283
677,550,1227
849,753,1602
780,670,1450
1027,907,1934
892,131,1023
886,145,1031
894,147,1041
892,158,1050
894,171,1065
240,179,419
258,205,463
248,205,453
282,229,511
267,247,514
465,441,906
437,518,955
457,499,956
505,468,973
489,498,987
710,379,1089
735,343,1078
785,516,1301
767,592,1359
568,420,988
530,392,922
760,473,1233
703,575,1278
781,651,1432
654,528,1182
892,157,1049
890,161,1051
894,161,1055
896,183,1079
894,175,1069
268,213,481
272,239,511
266,257,523
286,237,523
296,256,552
499,440,939
469,513,982
497,461,958
515,486,1001
518,534,1052
730,466,1196
709,604,1313
753,567,1320
778,772,1550
805,757,1562
655,514,1169
754,633,1387
793,661,1454
957,852,1809
948,839,1787
890,131,1021
898,145,1043
894,157,1051
888,157,1045
890,175,1065
260,203,463
238,225,463
262,223,485
268,227,495
282,272,554
481,386,867
487,405,892
477,454,931
467,563,1030
528,575,1103
651,389,1040
717,580,1297
840,507,1347
574,433,1007
836,770,1606
674,920,1594
764,632,1396
692,569,1261
963,833,1796
1109,984,2093
896,145,1041
886,145,1031
896,157,1053
892,161,1053
898,158,1056
248,213,461
270,221,491
270,225,495
273,217,490
258,242,500
465,513,978
481,479,960
487,511,998
504,635,1139
479,691,1170
752,397,1149
774,551,1325
906,538,1444
782,771,1553
958,664,1622
590,444,1034
732,602,1334
730,594,1324
851,714,1565
962,855,1817
890,145,1035
896,145,1041
890,157,1047
894,171,1065
890,175,1065
252,200,452
258,240,498
264,244,508
282,239,521
282,264,546
456,523,979
500,513,1013
520,480,1000
502,548,1050
499,607,1106
778,458,1236
788,588,1376
819,541,1360
745,653,1398
876,794,1670
643,517,1160
732,591,1323
839,733,1572
773,655,1428
983,860,1843
892,145,1037
894,147,1041
892,157,1049
892,161,1053
888,175,1063
258,190,448
254,219,473
266,229,495
270,247,517
280,271,551
450,401,851
477,479,956
487,519,1006
525,463,988
505,635,1140
670,446,1116
726,456,1182
786,587,1373
746,517,1263
902,644,1546
635,501,1136
640,517,1157
774,631,1405
704,561,1265
831,714,1545
894,145,1039
892,145,1037
892,161,1053
894,157,1051
886,161,1047
270,207,477
268,211,479
256,239,495
264,237,501
254,252,506
489,490,979
471,531,1002
510,503,1013
499,529,1028
465,561,1026
798,483,1281
770,734,1504
828,885,1713
800,929,1729
569,447,1016
672,545,1217
921,802,1723
1073,982,2055
1118,989,2107
894,161,1055
892,175,1067
894,175,1069
890,171,1061
892,175,1067
286,221,507
278,231,509
284,249,533
284,236,520
272,312,584
572,438,1010
481,554,1035
487,568,1055
507,443,950
494,616,1110
823,355,1178
710,429,1139
833,487,1320
707,631,1338
883,538,1421
544,401,945
616,488,1104
672,554,1226
725,596,1321
820,708,1528
890,145,1035
894,157,1051
898,157,1055
890,161,1051
252,220,472
268,213,481
268,231,499
272,222,494
260,240,500
491,518,1009
486,508,994
469,530,999
504,575,1079
476,602,1078
787,538,1325
781,736,1517
848,695,1543
795,787,1582
867,713,1580
727,595,1322
889,744,1633
929,826,1755
898,799,1697
973,880,1853
892,131,1023
886,157,1043
890,161,1051
884,175,1059
894,175,1069
240,213,453
260,208,468
268,224,492
276,244,520
286,285,571
471,525,996
494,459,953
480,531,1011
460,583,1043
545,570,1115
718,404,1122
792,432,1224
839,361,1200
844,651,1495
796,756,1552
584,484,1068
550,401,951
833,730,1563
619,486,1105
941,842,1783
892,145,1037
894,161,1055
898,161,1059
888,171,1059
898,175,1073
254,211,465
272,212,484
276,220,496
276,246,522
290,245,535
469,448,917
474,536,1010
510,558,1068
509,583,1092
472,755,1227
799,458,1257
715,736,1451
831,635,1466
856,542,1398
1024,723,1747
641,509,1150
828,697,1525
924,809,1733
735,585,1320
912,818,1730
894,154,1048
888,161,1049
894,157,1051
896,175,1071
892,181,1073
265,193,458
266,205,471
288,229,517
290,230,520
268,256,524
491,520,1011
453,585,1038
459,573,1032
488,565,1053
516,581,1097
854,691,1545
850,661,1511
836,725,1561
791,561,1352
832,1015,1847
752,609,1361
880,766,1646
850,730,1580
909,787,1696
1203,1103,2306
886,149,1035
892,161,1053
890,157,1047
892,161,1053
252,185,437
264,205,469
270,211,481
264,221,485
270,254,524
461,476,937
437,525,962
469,511,980
512,546,1058
786,525,1311
741,589,1330
778,673,1451
734,515,1249
813,595,1408
706,582,1288
775,662,1437
700,569,1269
860,738,1598
782,657,1439
890,117,1007
888,157,1045
894,157,1051
886,171,1057
884,175,1059
224,189,413
262,219,481
268,213,481
276,235,511
274,235,509
487,449,936
485,548,1033
445,675,1120
473,652,1125
473,492,965
940,565,1505
755,581,1336
807,708,1515
921,673,1594
710,958,1668
750,627,1377
764,650,1414
862,729,1591
887,814,1701
1139,1047,2186
896,145,1041
896,157,1053
896,175,1071
900,171,1071
896,183,1079
258,252,510
270,243,513
288,235,523
296,247,543
288,264,552
505,379,884
509,431,940
501,464,965
514,561,1075
526,546,1072
739,586,1325
650,677,1327
702,634,1336
832,550,1382
817,689,1506
741,604,1345
781,647,1428
826,696,1522
868,734,1602
880,763,1643
892,151,1043
888,161,1049
896,161,1057
896,161,1057
892,145,1037
260,216,476
266,199,465
274,217,491
254,233,487
274,286,560
479,381,860
474,486,960
491,434,925
453,489,942
548,451,999
701,428,1129
652,500,1152
752,470,1222
722,440,1162
753,730,1483
615,491,1106
691,553,1244
631,495,1126
653,536,1189
917,816,1733
896,157,1053
892,157,1049
894,161,1055
890,171,1061
262,230,492
270,251,521
278,218,496
266,237,503
272,262,534
513,481,994
522,447,969
474,509,983
495,492,987
484,552,1036
752,538,1290
774,469,1243
716,644,1360
759,696,1455
815,831,1646
729,593,1322
654,518,1172
833,697,1530
883,781,1664
1014,910,1924
896,145,1041
894,157,1051
896,161,1057
890,175,1065
892,175,1067
258,229,487
274,208,482
268,223,491
284,237,521
282,230,512
483,431,914
470,490,960
486,477,963
495,531,1026
491,648,1139
700,535,1235
742,532,1274
798,482,1280
761,632,1393
724,589,1313
669,535,1204
717,591,1308
919,889,1808
823,692,1515
1081,960,2041
894,154,1048
890,161,1051
892,157,1049
894,161,1055
894,171,1065
268,181,449
266,208,474
272,210,482
265,209,474
282,235,517
466,540,1006
470,541,1011
469,541,1010
495,591,1086
437,703,1140
810,555,1365
807,667,1474
968,609,1577
860,681,1541
810,907,1717
744,619,1363
854,730,1584
794,677,1471
870,747,1617
1097,958,2055
898,157,1055
898,158,1056
892,171,1063
896,161,1057
888,175,1063
274,224,498
273,227,500
280,235,515
280,230,510
508,456,964
493,483,976
484,517,1001
486,556,1042
491,561,1052
834,404,1238
729,539,1268
750,599,1349
827,606,1433
597,464,1061
733,595,1328
780,1218,1998
786,674,1460
797,664,1461
1401,1304,2705
892,131,1023
890,157,1047
896,157,1053
892,161,1053
890,175,1065
264,214,478
270,229,499
270,226,496
240,232,472
282,234,516
490,424,914
488,504,992
490,489,979
487,538,1025
470,540,1010
691,360,1051
754,471,1225
775,500,1275
547,409,956
805,695,1500
656,544,1200
691,571,1262
805,1087,1892
883,775,1658
1272,1163,2435
894,147,1041
898,157,1055
896,157,1053
892,171,1063
258,211,469
270,236,506
268,227,495
272,246,518
280,244,524
502,474,976
483,531,1014
498,572,1070
471,703,1174
510,640,1150
796,529,1325
741,616,1357
843,624,1467
972,687,1659
714,595,1309
804,685,1489
815,677,1492
913,854,1767
877,746,1623
1047,908,1955
892,117,1009
896,145,1041
890,161,1051
890,175,1065
890,175,1065
226,185,411
268,216,484
258,250,508
282,232,514
282,237,519
488,439,927
443,602,1045
512,544,1056
493,515,1008
472,550,1022
815,560,1375
704,701,1405
869,624,1493
815,681,1496
780,902,1682
745,622,1367
811,690,1501
872,719,1591
887,783,1670
1087,990,2077
886,145,1031
892,145,1037
894,157,1051
890,161,1051
892,169,1061
248,220,468
268,202,470
254,226,480
268,229,497
278,230,508
489,414,903
458,481,939
472,519,991
488,502,990
484,443,927
769,374,1143
746,529,1275
710,475,1185
780,664,1444
683,795,1478
561,417,978
714,589,1303
662,543,1205
845,728,1573
984,877,1861
894,145,1039
894,161,1055
896,161,1057
896,161,1057
888,161,1049
256,230,486
274,228,502
272,211,483
266,251,517
274,253,527
490,456,946
505,472,977
490,523,1013
515,513,1028
471,629,1100
735,380,1115
727,535,1262
784,542,1326
792,681,1473
898,613,1511
563,424,987
726,587,1313
733,597,1330
871,745,1616
802,681,1483
890,117,1007
896,157,1053
890,161,1051
890,161,1051
894,171,1065
224,195,419
268,215,483
270,241,511
268,219,487
282,247,529
471,530,1001
451,611,1062
475,609,1084
503,656,1159
507,639,1146
795,492,1287
876,627,1503
927,632,1559
874,713,1587
908,743,1651
677,544,1221
813,708,1521
823,694,1517
898,766,1664
932,837,1769
894,145,1039
894,158,1052
896,157,1053
892,161,1053
896,195,1091
270,199,469
270,219,489
256,247,503
269,238,507
308,268,576
507,518,1025
498,520,1018
481,602,1083
457,702,1159
530,687,1217
787,455,1242
789,513,1302
873,664,1537
969,729,1698
958,720,1678
644,507,1151
702,568,1270
855,734,1589
911,804,1715
916,834,1750
892,157,1049
896,161,1057
896,157,1053
262,214,476
270,221,491
270,229,499
266,239,505
274,289,563
551,403,954
491,480,971
497,502,999
479,545,1024
468,527,995
769,428,1197
790,484,1274
674,721,1395
751,904,1655
615,482,1097
812,924,1736
667,536,1203
912,769,1681
1095,982,2077
1111,1020,2131
888,117,1005
890,161,1051
898,171,1069
890,171,1061
890,175,1065
222,183,405
278,219,497
268,218,486
282,242,524
286,262,548
437,525,962
526,432,958
474,491,965
475,613,1088
498,625,1123
788,396,1184
756,522,1278
705,637,1342
579,445,1024
890,688,1578
878,826,1704
707,570,1277
830,691,1521
873,758,1631
1012,905,1917
890,145,1035
892,161,1053
902,161,1063
894,175,1069
888,171,1059
270,193,463
252,226,478
276,240,516
280,265,545
286,259,545
451,545,996
482,608,1090
494,549,1043
519,579,1098
533,685,1218
873,539,1412
812,673,1485
812,626,1438
962,566,1528
848,846,1694
724,600,1324
810,695,1505
764,623,1387
860,736,1596
1035,910,1945
892,157,1049
892,157,1049
888,161,1049
888,161,1049
892,201,1093
266,201,467
266,207,473
266,224,490
310,308,618
483,406,889
478,420,898
465,506,971
455,653,1108
566,691,1257
773,539,1312
673,659,1332
683,760,1443
958,539,1497
916,902,1818
726,601,1327
846,736,1582
726,588,1314
943,824,1767
1085,1003,2088
890,145,1035
894,157,1051
896,157,1053
894,157,1051
898,175,1073
252,224,476
268,210,478
270,223,493
268,238,506
290,269,559
485,414,899
480,476,956
470,521,991
498,618,1116
533,602,1135
790,469,1259
741,593,1334
875,549,1424
887,733,1620
685,949,1634
658,504,1162
778,655,1433
742,607,1349
922,812,1734
1140,1008,2148
888,145,1033
892,157,1049
898,158,1056
890,171,1061
890,175,1065
250,205,455
273,194,467
266,206,472
278,246,524
282,256,538
502,458,960
512,456,968
459,535,994
464,506,970
458,434,892
721,518,1239
723,583,1306
798,570,1368
707,623,1330
773,862,1635
703,565,1268
768,634,1402
753,627,1380
816,683,1499
1049,915,1964
894,143,1037
892,145,1037
890,145,1035
896,157,1053
254,195,449
254,213,467
258,219,477
270,234,504
252,222,474
455,511,966
481,482,963
471,505,976
478,514,992
496,525,1021
780,376,1156
772,600,1372
779,576,1355
796,719,1515
565,424,989
753,1141,1894
787,642,1429
761,632,1393
911,796,1707
1332,1258,2590
886,145,1031
896,157,1053
892,161,1053
888,163,1051
892,183,1075
248,221,469
268,209,477
270,233,503
270,241,511
292,249,541
495,463,958
507,485,992
463,577,1040
499,548,1047
473,539,1012
734,425,1159
840,431,1271
752,593,1345
800,480,1280
815,663,1478
616,475,1091
614,497,1111
661,529,1190
780,673,1453
850,726,1576
896,157,1053
896,157,1053
894,145,1039
888,161,1049
884,163,1047
264,187,451
266,224,490
256,245,501
270,244,514
270,255,525
437,390,827
506,430,936
478,473,951
505,552,1057
517,527,1044
649,410,1059
736,603,1339
798,575,1373
821,710,1531
589,473,1062
701,847,1548
786,672,1458
767,634,1401
900,787,1687
1038,903,1941
892,131,1023
890,145,1035
888,161,1049
894,157,1051
890,161,1051
240,211,451
252,228,480
268,221,489
266,230,496
268,240,508
484,409,893
481,464,945
484,497,981
496,537,1033
469,654,1123
733,529,1262
674,604,1278
802,531,1333
760,712,1472
921,723,1644
718,585,1303
790,657,1447
716,599,1315
895,797,1692
910,818,1728
894,145,1039
894,145,1039
896,161,1057
892,161,1053
894,157,1051
270,203,473
256,225,481
256,236,492
268,219,487
274,237,511
461,430,891
479,442,921
499,439,938
496,574,1070
485,627,1112
711,298,1009
710,442,1152
697,535,1232
487,354,841
843,695,1538
896,713,1609
633,499,1132
722,600,1322
884,755,1639
902,771,1673
890,145,1035
892,145,1037
896,161,1057
892,171,1063
890,161,1051
254,203,457
252,225,477
280,229,509
268,231,499
274,255,529
481,399,880
487,498,985
487,497,984
517,584,1101
461,552,1013
819,350,1169
762,594,1356
765,648,1413
855,578,1433
664,1075,1739
537,406,943
779,649,1428
769,636,1405
835,718,1553
1260,1178,2438
896,145,1041
894,147,1041
886,161,1047
892,175,1067
888,171,1059
258,225,483
258,238,496
276,225,501
284,250,534
264,266,530
485,461,946
508,457,965
500,545,1045
479,518,997
518,488,1006
730,430,1160
816,481,1297
724,645,1369
619,494,1113
781,865,1646
672,538,1210
749,1194,1943
832,723,1555
1048,948,1996
1375,1305,2680
890,131,1021
892,145,1037
896,157,1053
898,171,1069
898,175,1073
238,200,438
270,218,488
254,244,498
286,242,528
290,280,570
456,407,863
480,521,1001
544,509,1053
502,616,1118
506,635,1141
672,337,1009
792,547,1339
522,386,908
908,582,1490
883,906,1789
782,696,1478
738,600,1338
775,639,1414
889,764,1653
1093,981,2074
890,131,1021
892,145,1037
894,161,1055
890,171,1061
894,175,1069
238,225,463
254,204,458
278,224,502
272,228,500
286,252,538
462,419,881
512,378,890
481,536,1017
480,562,1042
488,607,1095
647,548,1195
686,656,1342
876,495,1371
827,587,1414
801,563,1364
737,623,1360
684,561,1245
844,720,1564
772,663,1435
748,632,1380
890,145,1035
896,161,1057
890,157,1047
896,161,1057
888,161,1049
266,204,470
274,228,502
252,247,499
264,235,499
274,215,489
458,455,913
490,530,1020
503,558,1061
491,620,1111
477,591,1068
823,563,1386
718,688,1406
801,882,1683
862,824,1686
885,904,1789
748,624,1372
872,767,1639
1073,955,2028
1016,903,1919
1090,997,2087
888,131,1019
892,145,1037
890,157,1047
890,157,1047
898,175,1073
236,203,439
264,215,479
254,205,459
264,230,494
290,249,539
471,410,881
486,449,935
463,578,1041
457,645,1102
513,580,1093
675,654,1329
714,622,1336
845,521,1366
908,518,1426
853,664,1517
708,581,1289
701,586,1287
807,701,1508
840,742,1582
857,723,1580
884,157,1041
894,157,1051
890,157,1047
896,163,1059
888,161,1049
268,206,474
276,225,501
264,218,482
258,248,506
266,252,518
466,438,904
487,480,967
498,476,974
506,453,959
474,631,1105
707,501,1208
751,505,1256
735,502,1237
716,662,1378
896,697,1593
690,569,1259
696,559,1255
681,556,1237
845,719,1564
882,768,1650
896,157,1053
888,161,1049
896,157,1053
886,161,1047
892,167,1059
270,227,497
270,238,508
266,252,518
264,246,510
276,249,525
498,424,922
507,461,968
500,489,989
489,509,998
506,668,1174
685,280,965
780,370,1150
728,453,1181
461,335,796
561,423,984
760,889,1649
931,749,1680
640,512,1152
932,819,1751
1080,973,2053
869,80,949
860,80,940
891,112,1003
863,112,975
876,112,988
157,102,259
166,126,292
220,163,383
205,169,374
192,182,374
361,369,730
328,390,718
411,437,848
420,463,883
411,469,880
624,255,879
706,316,1022
612,278,890
410,292,702
687,530,1217
728,621,1349
475,361,836
442,315,757
702,580,1282
808,672,1480
886,80,966
868,112,980
865,112,977
874,112,986
183,132,315
177,132,309
197,169,366
203,168,371
194,209,403
378,362,740
384,481,865
403,416,819
440,355,795
408,467,875
616,397,1013
594,351,945
658,354,1012
715,522,1237
741,623,1364
573,450,1023
512,398,910
518,403,921
692,585,1277
805,676,1481
880,80,960
868,80,948
895,112,1007
881,112,993
165,128,293
164,131,295
177,131,308
210,155,365
224,178,402
362,328,690
377,310,687
364,381,745
439,431,870
402,484,886
570,373,943
564,392,956
622,492,1114
700,462,1162
536,412,948
568,445,1013
739,719,1458
653,445,1098
655,541,1196
896,784,1680
867,80,947
880,80,960
881,112,993
895,112,1007
164,126,290
165,131,296
177,150,327
210,157,367
224,165,389
396,360,756
365,412,777
359,436,795
404,385,789
426,445,871
677,344,1021
654,399,1053
614,515,1129
640,652,1292
507,382,889
563,439,1002
691,569,1260
829,708,1537
849,703,1552
869,80,949
878,80,958
878,80,958
887,112,999
896,112,1008
166,129,295
175,133,308
175,136,311
216,154,370
225,160,385
380,246,626
364,385,749
407,396,803
422,412,834
377,418,795
628,349,977
498,510,1008
657,523,1180
682,600,1282
514,396,910
670,702,1372
684,534,1218
706,566,1272
792,643,1435
876,750,1626
873,80,953
877,112,989
895,112,1007
872,112,984
864,112,976
170,132,302
206,154,360
224,151,375
201,163,364
193,191,384
371,390,761
397,349,746
421,318,739
412,392,804
401,393,794
556,260,816
637,354,991
600,519,1119
639,470,1109
661,516,1177
420,293,713
523,399,922
637,523,1160
692,567,1259
707,553,1260
867,80,947
892,112,1004
892,112,1004
876,112,988
164,114,278
221,147,368
221,157,378
205,170,375
205,173,378
347,251,598
415,332,747
405,379,784
492,240,732
415,464,879
412,423,835
402,269,671
714,402,1116
645,558,1203
598,655,1253
673,442,1115
614,488,1102
746,606,1352
843,713,1556
574,4096,4670
878,112,990
867,112,979
881,112,993
860,112,972
207,148,355
214,160,374
210,160,370
189,179,368
196,206,402
392,372,764
407,350,757
439,401,840
405,501,906
642,289,931
624,516,1140
735,346,1081
622,521,1143
605,534,1139
452,325,777
501,391,892
690,569,1259
702,567,1269
711,567,1278
859,80,939
891,112,1003
874,112,986
892,112,1004
156,96,252
220,160,380
221,157,378
203,173,376
190,187,377
321,305,626
538,182,720
414,422,836
417,449,866
415,415,830
413,489,902
336,219,555
657,202,859
737,376,1113
358,235,593
681,544,1225
714,591,1305
546,416,962
732,524,1256
778,593,1371
881,80,961
864,112,976
869,112,981
894,112,1006
178,131,309
198,135,333
223,157,380
193,193,386
208,232,440
378,399,777
423,363,786
370,411,781
417,445,862
477,392,869
601,308,909
654,452,1106
654,585,1239
713,570,1283
468,357,825
645,647,1292
617,530,1147
762,639,1401
760,562,1322
822,705,1527
869,80,949
881,80,961
872,80,952
882,112,994
887,112,999
178,132,310
166,132,298
169,133,302
211,158,369
216,151,367
367,376,743
379,439,818
404,399,803
406,486,892
371,512,883
619,403,1022
758,361,1119
660,485,1145
694,548,1242
742,556,1298
568,456,1024
529,420,949
668,526,1194
725,608,1333
734,615,1349
869,80,949
862,80,942
875,112,987
876,112,988
159,101,260
166,129,295
204,143,347
205,156,361
192,204,396
364,335,699
329,426,755
398,381,779
433,348,781
384,472,856
662,386,1048
578,447,1025
585,385,970
721,432,1153
631,524,1155
544,418,962
544,442,986
603,459,1062
612,498,1110
696,550,1246
879,80,959
890,112,1002
871,112,983
906,112,1018
176,149,325
235,146,381
233,151,384
200,157,357
219,164,383
394,384,778
421,382,803
394,381,775
420,404,824
418,479,897
626,427,1053
637,508,1145
668,500,1168
660,519,1179
759,595,1354
686,541,1227
594,473,1067
683,553,1236
719,566,1285
797,646,1443
873,80,953
873,112,985
891,112,1003
875,112,987
170,132,302
204,147,351
220,151,371
202,169,371
225,176,401
371,406,777
408,396,804
408,379,787
438,388,826
388,423,811
672,387,1059
653,467,1120
661,556,1217
626,428,1054
658,672,1330
558,425,983
636,509,1145
597,481,1078
743,605,1348
864,738,1602
876,80,956
880,112,992
895,112,1007
893,112,1005
173,130,303
209,155,364
224,163,387
222,166,388
192,188,380
417,378,795
372,452,824
401,413,814
425,397,822
424,459,883
615,320,935
667,443,1110
702,466,1168
728,511,1239
664,577,1241
478,356,834
619,487,1106
638,522,1160
702,550,1252
766,569,1335
894,80,974
882,112,994
896,112,1008
886,112,998
872,112,984
191,129,320
215,147,362
211,155,366
225,160,385
201,179,380
399,365,764
389,473,862
403,423,826
422,428,850
417,430,847
698,388,1086
679,472,1151
741,563,1304
625,553,1178
676,521,1197
580,429,1009
650,535,1185
689,585,1274
753,613,1366
735,607,1342
886,80,966
868,80,948
891,112,1003
864,112,976
889,112,1001
165,98,263
183,132,315
220,151,371
218,151,369
193,176,369
384,360,744
332,402,734
406,380,786
408,381,789
406,382,788
620,348,968
644,469,1113
646,451,1097
620,564,1184
643,598,1241
507,399,906
633,512,1145
638,496,1134
746,619,1365
783,643,1426
863,80,943
864,80,944
901,112,1013
894,112,1006
875,112,987
161,100,261
160,128,288
230,151,381
204,156,360
223,163,386
357,281,638
330,414,744
418,352,770
423,371,794
397,420,817
518,283,801
652,340,992
441,313,754
627,548,1175
669,535,1204
639,632,1271
500,370,870
745,513,1258
706,591,1297
822,624,1446
891,112,1003
861,112,973
897,112,1009
226,150,376
219,160,379
220,156,376
208,182,390
190,207,397
413,346,759
416,405,821
413,430,843
427,460,887
434,482,916
669,501,1170
611,573,1184
717,391,1108
701,598,1299
713,682,1395
687,525,1212
548,444,992
760,569,1329
791,657,1448
857,743,1600
868,80,948
881,80,961
883,112,995
886,112,998
893,112,1005
165,111,276
178,128,306
212,155,367
222,157,379
215,169,384
345,376,721
375,391,766
416,358,774
421,382,803
404,405,809
618,366,984
646,551,1197
625,629,1254
662,579,1241
642,603,1245
530,408,938
728,612,1340
758,603,1361
818,700,1518
785,664,1449
889,80,969
859,80,939
883,80,963
863,112,975
881,112,993
180,127,307
186,129,315
156,133,289
210,166,376
192,197,389
376,370,746
384,445,829
358,295,653
426,365,791
413,413,826
602,219,821
528,224,752
627,419,1046
668,474,1142
377,257,634
378,260,638
708,590,1298
598,424,1022
651,521,1172
775,633,1408
899,112,1011
866,112,978
889,112,1001
228,165,393
216,151,367
206,162,368
218,165,383
195,205,400
437,316,753
420,356,776
404,387,791
430,431,861
405,434,839
556,332,888
685,356,1041
619,552,1171
648,563,1211
494,373,867
529,387,916
704,800,1504
737,511,1248
746,607,1353
995,849,1844
884,80,964
892,80,972
876,112,988
879,112,991
892,112,1004
181,144,325
189,132,321
208,153,361
205,169,374
221,166,387
394,344,738
398,314,712
390,344,734
424,423,847
411,479,890
567,492,1059
602,513,1115
689,435,1124
610,681,1291
729,522,1251
667,537,1204
623,479,1102
693,566,1259
694,581,1275
869,745,1614
872,80,952
883,112,995
885,112,997
881,112,993
886,112,998
169,141,310
212,157,369
214,159,373
210,155,365
215,172,387
402,334,736
379,398,777
406,390,796
410,448,858
424,511,935
644,395,1039
589,447,1036
647,515,1162
707,631,1338
771,536,1307
563,419,982
624,490,1114
694,569,1263
717,599,1316
812,698,1510
893,80,973
891,112,1003
887,112,999
878,112,990
880,112,992
190,145,335
220,151,371
207,156,363
209,149,358
408,372,780
412,395,807
404,454,858
395,406,801
400,454,854
656,515,1171
660,519,1179
637,607,1244
706,542,1248
721,889,1610
698,503,1201
695,572,1267
716,602,1318
794,652,1446
1078,959,2037
869,80,949
874,112,986
862,112,974
876,112,988
166,131,297
205,153,358
205,148,353
203,169,372
191,179,370
407,326,733
395,401,796
409,396,805
390,423,813
366,502,868
562,248,810
745,296,1041
651,449,1100
644,431,1075
406,288,694
673,480,1153
461,334,795
601,485,1086
621,500,1121
652,520,1172
865,80,945
891,112,1003
862,112,974
874,112,986
162,103,265
220,166,386
207,172,379
203,156,359
191,183,374
334,373,707
423,313,736
396,360,756
411,340,751
416,455,871
576,216,792
578,416,994
608,399,1007
612,473,1085
373,251,624
707,452,1159
569,439,1008
603,462,1065
634,506,1140
626,506,1132
868,80,948
881,112,993
891,112,1003
875,112,987
879,112,991
165,134,299
220,149,369
204,157,361
208,191,399
406,384,790
398,377,775
368,445,813
398,388,786
436,369,805
687,316,1003
622,419,1041
643,470,1113
626,482,1108
649,543,1192
480,342,822
594,461,1055
647,517,1164
653,536,1189
730,583,1313
881,80,961
861,112,973
881,112,993
892,112,1004
880,112,992
178,127,305
190,123,313
210,155,365
221,164,385
209,174,383
350,338,688
374,373,747
422,341,763
402,380,782
420,502,922
573,278,851
635,479,1114
628,571,1199
435,322,757
607,619,1226
756,483,1239
656,527,1183
748,623,1371
659,496,1155
807,671,1478
871,80,951
881,80,961
877,112,989
882,112,994
901,112,1013
168,137,305
178,130,308
230,156,386
211,163,374
206,164,370
374,441,815
411,419,830
407,415,822
377,469,846
666,361,1027
686,464,1150
724,470,1194
683,497,1180
675,527,1202
534,413,947
631,513,1144
647,456,1103
694,540,1234
705,568,1273
892,112,1004
863,112,975
890,112,1002
881,112,993
863,112,975
219,156,375
210,154,364
221,164,385
192,180,372
192,176,368
422,371,793
412,388,800
409,444,853
401,469,870
405,512,917
681,268,949
652,501,1153
749,404,1153
724,505,1229
637,665,1302
426,311,737
687,491,1178
563,462,1025
682,566,1248
853,668,1521
866,80,946
890,112,1002
862,112,974
163,103,266
164,103,267
875,112,987
219,154,373
191,178,369
204,166,370
336,399,735
335,439,774
410,339,749
407,340,747
406,430,836
640,345,985
603,488,1091
679,371,1050
666,303,969
589,500,1089
508,383,891
461,344,805
533,412,945
674,535,1209
671,556,1227
882,80,962
873,112,985
894,112,1006
862,112,974
861,112,973
179,120,299
223,150,373
202,162,364
190,164,354
191,189,380
368,360,728
391,346,737
410,404,814
401,399,800
417,406,823
581,252,833
642,304,946
646,431,1077
672,502,1174
409,295,704
616,477,1093
462,338,800
600,450,1050
692,550,1242
655,529,1184
867,112,979
870,112,982
197,147,344
199,169,368
220,165,385
196,202,398
381,364,745
383,369,752
422,358,780
405,408,813
435,402,837
606,339,945
610,382,992
652,438,1090
643,451,1094
502,386,888
545,436,981
604,471,1075
614,510,1124
623,1164,1787
1351,1228,2579
877,80,957
888,112,1000
895,112,1007
875,112,987
174,148,322
217,155,372
224,150,374
211,151,362
204,169,373
410,362,772
399,391,790
409,416,825
391,359,750
411,460,871
611,401,1012
729,412,1141
647,473,1120
610,484,1094
678,553,1231
657,499,1156
651,523,1174
737,606,1343
572,456,1028
603,462,1065
871,80,951
894,112,1006
892,112,1004
887,112,999
881,112,993
168,133,301
221,155,376
223,166,389
210,158,368
426,312,738
413,389,802
370,454,824
405,424,829
404,384,788
699,419,1118
655,517,1172
580,611,1191
679,618,1297
645,562,1207
586,461,1047
705,510,1215
801,662,1463
745,556,1301
795,662,1457
883,80,963
865,112,977
892,112,1004
180,131,311
192,132,324
220,151,371
221,163,384
194,199,393
380,342,722
361,352,713
421,294,715
430,317,747
408,391,799
589,267,856
556,288,844
599,456,1055
560,555,1115
656,519,1175
426,306,732
449,328,777
635,507,1142
706,571,1277
743,598,1341
900,112,1012
876,112,988
895,112,1007
229,151,380
224,166,390
205,171,376
224,166,390
203,172,375
427,344,771
427,358,785
413,387,800
412,408,820
417,471,888
637,432,1069
656,443,1099
613,536,1149
627,583,1210
745,506,1251
604,472,1076
613,498,1111
702,484,1186
727,577,1304
774,685,1459
895,112,1007
895,112,1007
900,112,1012
229,151,380
224,161,385
224,169,393
203,169,372
417,315,732
422,396,818
876,80,956
409,406,815
173,131,304
430,432,862
589,505,1094
654,436,1090
665,578,1243
373,460,833
606,484,1090
701,549,1250
701,640,1341
710,428,1138
769,590,1359
600,469,1069
831,586,1417
887,112,999
890,112,1002
890,112,1002
862,112,974
893,112,1005
219,160,379
216,170,386
219,160,379
191,206,397
222,155,377
434,254,688
416,336,752
423,423,846
416,430,846
414,386,800
490,193,683
350,227,577
600,515,1115
684,525,1209
694,517,1211
653,537,1190
701,526,1227
708,568,1276
703,552,1255
725,581,1306
869,80,949
880,80,960
876,112,988
863,112,975
894,112,1006
166,133,299
177,131,308
205,157,362
192,164,356
223,157,380
377,380,757
368,459,827
417,412,829
399,459,858
393,527,920
709,264,973
702,365,1067
634,517,1151
764,347,1111
680,591,1271
436,301,737
530,405,935
506,397,903
693,536,1229
781,636,1417
882,112,994
896,112,1008
888,112,1000
888,112,1000
211,148,359
225,151,376
217,156,373
217,154,371
204,153,357
410,363,773
396,400,796
394,401,795
408,412,820
413,474,887
650,401,1051
656,487,1143
625,533,1158
744,473,1217
674,596,1270
572,436,1008
665,542,1207
665,518,1183
717,578,1295
780,599,1379
868,80,948
875,112,987
894,112,1006
861,112,973
890,112,1002
165,145,310
223,166,389
204,156,360
190,179,369
219,149,368
426,336,762
379,401,780
406,358,764
397,387,784
405,408,813
593,307,900
643,453,1096
636,484,1120
672,457,1129
464,349,813
617,508,1125
655,528,1183
643,499,1142
604,613,1217
803,614,1417
872,80,952
877,112,989
871,112,983
169,132,301
206,148,354
202,155,357
200,201,401
391,351,742
370,412,782
400,379,779
394,417,811
438,520,958
658,356,1014
602,427,1029
664,509,1173
639,556,1195
524,404,928
600,473,1073
678,556,1234
738,610,1348
765,585,1350
752,651,1403
866,112,978
860,112,972
889,112,1001
874,112,986
883,112,995
218,150,368
203,157,360
189,195,384
195,204,399
212,156,368
421,311,732
405,424,829
397,396,793
405,429,834
436,488,924
545,250,795
644,391,1035
728,303,1031
687,470,1157
405,301,706
561,439,1000
655,516,1171
686,597,1283
465,348,813
776,654,1430
892,80,972
884,112,996
874,112,986
874,112,986
885,112,997
189,146,335
203,146,349
203,158,361
213,160,373
214,174,388
410,303,713
404,397,801
386,398,784
398,405,803
425,442,867
561,404,965
653,419,1072
646,483,1129
663,551,1214
701,366,1067
584,464,1048
589,461,1050
653,534,1187
547,408,955
739,604,1343
867,80,947
892,80,972
885,112,997
886,112,998
164,139,303
189,143,332
214,155,369
215,161,376
192,200,392
372,364,736
429,312,741
406,358,764
413,388,801
401,438,839
605,299,904
549,309,858
617,445,1062
462,341,803
467,347,814
704,787,1491
648,516,1164
626,491,1117
698,575,1273
975,795,1770
871,80,951
867,80,947
891,112,1003
889,112,1001
164,132,296
168,148,316
220,158,378
196,169,365
218,166,384
385,354,739
415,353,768
421,322,743
402,399,801
365,545,910
599,551,1150
786,357,1143
640,467,1107
618,561,1179
585,532,1117
520,405,925
630,519,1149
718,619,1337
717,585,1302
748,608,1356
880,80,960
867,80,947
897,112,1009
890,112,1002
870,112,982
164,124,288
177,131,308
226,156,382
199,153,352
219,162,381
357,394,751
377,392,769
389,389,778
419,434,853
418,469,887
635,335,970
646,474,1120
633,467,1100
705,604,1309
498,377,875
733,669,1402
650,515,1165
633,521,1154
797,672,1469
855,710,1565
889,80,969
875,112,987
895,112,1007
892,112,1004
882,112,994
186,133,319
204,142,346
224,155,379
211,159,370
221,172,393
388,367,755
430,331,761
383,423,806
416,448,864
407,501,908
597,508,1105
672,509,1181
630,668,1298
757,501,1258
717,639,1356
696,553,1249
680,557,1237
679,506,1185
830,631,1461
853,744,1597
872,80,952
899,80,979
861,112,973
884,112,996
196,121,317
176,131,307
169,136,305
213,151,364
190,177,367
374,325,699
376,408,784
404,349,753
401,401,802
386,502,888
584,223,807
571,408,979
659,359,1018
661,473,1134
379,265,644
576,444,1020
775,728,1503
539,408,947
648,534,1182
923,795,1718
875,80,955
875,80,955
863,112,975
883,112,995
889,112,1001
172,132,304
172,132,304
218,151,369
192,179,371
212,166,378
373,448,821
406,432,838
408,441,849
373,538,911
415,452,867
697,414,1111
678,372,1050
695,471,1166
709,438,1147
787,532,1319
585,470,1055
531,421,952
617,431,1048
656,513,1169
703,555,1258
