prompt_tokens,completion_tokens,total_tokens
932,93,1025
929,162,1091
941,143,1084
949,173,1122
927,154,1081
242,144,386
301,160,461
298,190,488
308,228,536
339,243,582
431,418,849
456,487,943
472,404,876
512,559,1071
547,407,954
593,398,991
612,552,1164
690,624,1314
618,574,1192
750,861,1611
953,173,1126
938,143,1081
929,143,1072
944,173,1117
943,110,1053
298,197,495
289,189,478
334,247,581
343,266,609
270,174,444
490,324,814
473,424,897
472,332,804
546,566,1112
574,571,1145
615,520,1135
537,379,916
772,851,1623
524,485,1009
786,717,1503
949,110,1059
947,143,1090
928,154,1082
943,157,1100
931,173,1104
276,141,417
307,209,516
299,181,480
321,219,540
317,231,548
511,305,816
505,393,898
464,450,914
529,417,946
586,375,961
640,600,1240
445,535,980
622,622,1244
514,336,850
746,384,1130
921,126,1047
923,143,1066
927,126,1053
947,173,1120
958,157,1115
270,143,413
283,202,485
332,210,542
264,197,461
337,250,587
480,340,820
425,302,727
552,399,951
525,315,840
473,398,871
523,526,1049
491,406,897
581,427,1008
608,515,1123
746,655,1401
929,157,1086
950,177,1127
950,157,1107
949,150,1099
937,187,1124
316,213,529
344,226,570
324,218,542
341,241,582
303,196,499
523,474,997
517,672,1189
531,552,1083
533,474,1007
480,423,903
686,887,1573
883,785,1668
614,669,1283
673,731,1404
764,743,1507
938,110,1048
942,134,1076
930,173,1103
936,140,1076
929,126,1055
265,154,419
320,219,539
272,170,442
293,209,502
293,234,527
500,396,896
504,352,856
447,517,964
531,427,958
454,517,971
717,305,1022
594,524,1118
631,689,1320
544,584,1128
708,569,1277
929,143,1072
937,143,1080
938,127,1065
933,171,1104
947,188,1135
282,162,444
289,194,483
297,188,485
352,223,575
321,252,573
478,335,813
480,418,898
525,446,971
455,414,869
526,399,925
617,323,940
540,700,1240
614,552,1166
655,816,1471
895,879,1774
944,120,1064
958,143,1101
927,112,1039
943,157,1100
944,157,1101
281,185,466
318,162,480
256,192,448
317,220,537
318,199,517
518,444,962
484,569,1053
498,396,894
474,382,856
475,392,867
602,474,1076
612,666,1278
775,504,1279
571,523,1094
649,762,1411
922,113,1035
935,129,1064
939,143,1082
951,157,1108
252,167,419
281,175,456
310,204,514
325,200,525
299,178,477
444,445,889
465,343,808
509,373,882
506,427,933
472,367,839
540,500,1040
629,652,1281
585,640,1225
568,413,981
640,733,1373
927,112,1039
937,144,1081
945,173,1118
947,145,1092
256,162,418
335,211,546
309,215,524
934,143,1077
298,227,525
294,207,501
444,361,805
511,506,1017
519,361,880
517,434,951
496,462,958
550,366,916
643,451,1094
713,539,1252
658,596,1254
560,552,1112
953,120,1073
945,188,1133
937,157,1094
938,157,1095
311,195,506
290,160,450
350,207,557
928,112,1040
312,225,537
257,160,417
487,376,863
468,385,853
507,397,904
518,506,1024
443,335,778
575,452,1027
600,553,1153
525,497,1022
706,745,1451
604,612,1216
934,143,1077
941,173,1114
930,126,1056
273,157,430
924,122,1046
944,143,1087
331,221,552
304,181,485
294,197,491
263,142,405
517,415,932
486,323,809
442,718,1160
421,326,747
480,530,1010
519,471,990
910,480,1390
512,334,846
618,573,1191
736,523,1259
933,112,1045
933,112,1045
941,110,1051
933,163,1096
948,163,1111
262,119,381
262,140,402
268,151,419
313,233,546
328,200,528
428,381,809
521,353,874
503,381,884
447,601,1048
407,571,978
576,603,1179
548,565,1113
804,345,1149
766,335,1101
591,646,1237
935,124,1059
940,110,1050
963,173,1136
934,143,1077
950,173,1123
267,130,397
276,191,467
353,223,576
340,244,584
481,420,901
541,517,1058
742,8,750
617,427,1044
549,876,1425
425,478,903
680,616,1296
294,198,492
487,607,1094
1088,1009,2097
803,808,1611
940,143,1083
938,143,1081
931,112,1043
938,187,1125
932,126,1058
298,180,478
260,168,428
342,210,552
300,191,491
275,176,451
454,315,769
473,400,873
503,603,1106
463,402,865
486,380,866
508,457,965
600,628,1228
596,383,979
803,734,1537
582,613,1195
954,112,1066
941,112,1053
929,143,1072
952,165,1117
283,150,433
270,148,418
931,138,1069
334,206,540
289,201,490
286,184,470
444,395,839
459,350,809
513,436,949
485,462,947
470,522,992
566,357,923
598,439,1037
715,390,1105
653,695,1348
650,700,1350
926,112,1038
947,182,1129
944,143,1087
951,173,1124
964,188,1152
255,178,433
304,185,489
346,290,636
341,271,612
369,314,683
459,368,827
484,374,858
556,341,897
592,556,1148
577,608,1185
765,622,1387
821,901,1722
633,403,1036
580,423,1003
629,712,1341
952,143,1095
929,157,1086
937,187,1124
943,143,1086
935,149,1084
303,203,506
303,178,481
312,204,516
301,198,499
341,266,607
488,350,838
476,321,797
487,423,910
558,385,943
511,371,882
547,470,1017
585,508,1093
614,557,1171
584,578,1162
526,461,987
929,110,1039
943,143,1086
926,154,1080
944,120,1064
939,173,1112
297,188,485
303,172,475
256,159,415
281,181,462
329,240,569
470,349,819
480,331,811
443,434,877
469,354,823
534,401,935
554,455,1009
537,400,937
542,469,1011
625,713,1338
602,750,1352
921,112,1033
935,143,1078
937,143,1080
940,143,1083
935,163,1098
297,199,496
250,176,426
295,212,507
315,224,539
300,230,530
502,470,972
491,556,1047
452,475,927
525,393,918
667,182,849
514,527,1041
595,444,1039
658,629,1287
755,847,1602
724,705,1429
938,143,1081
924,184,1108
940,163,1103
934,157,1091
934,112,1046
298,174,472
320,241,561
308,233,541
263,144,407
325,256,581
536,392,928
433,343,776
535,442,977
522,553,1075
539,416,955
594,570,1164
749,797,1546
628,630,1258
467,644,1111
844,976,1820
947,177,1124
934,144,1078
956,187,1143
944,173,1117
942,171,1113
341,260,601
330,216,546
334,270,604
360,244,604
295,227,522
513,498,1011
555,473,1028
562,413,975
516,445,961
569,679,1248
691,487,1178
702,687,1389
641,487,1128
622,603,1225
885,976,1861
959,143,1102
931,112,1043
932,144,1076
956,157,1113
947,143,1090
319,192,511
260,161,421
330,188,518
293,210,503
307,209,516
447,349,796
506,485,991
497,378,875
511,376,887
499,539,1038
706,350,1056
542,324,866
585,258,843
572,524,1096
757,843,1600
938,116,1054
955,143,1098
946,165,1111
968,143,1111
938,143,1081
271,142,413
298,196,494
328,197,525
315,216,531
328,253,581
435,463,898
489,452,941
520,469,989
526,622,1148
663,488,1151
652,666,1318
554,427,981
699,627,1326
839,797,1636
635,587,1222
924,110,1034
944,143,1087
934,143,1077
952,173,1125
943,154,1097
251,141,392
314,203,517
294,162,456
342,251,593
304,203,507
451,345,796
501,428,929
420,562,982
541,460,1001
748,341,1089
502,687,1189
558,863,1421
633,555,1188
893,622,1515
1077,926,2003
940,111,1051
955,157,1112
956,163,1119
949,157,1106
942,143,1085
268,164,432
302,179,481
336,227,563
323,209,532
459,383,842
329,189,518
476,360,836
513,410,923
499,368,867
585,415,1000
538,598,1136
564,569,1133
621,491,1112
585,492,1077
816,888,1704
938,143,1081
950,143,1093
956,166,1122
943,157,1100
936,173,1109
339,231,570
298,208,506
317,194,511
326,243,569
310,192,502
534,362,896
542,481,1023
501,459,960
492,610,1102
497,350,847
699,472,1171
659,484,1143
562,309,871
560,550,1110
815,853,1668
938,133,1071
946,143,1089
922,131,1053
934,112,1046
932,168,1100
263,143,406
288,179,467
270,184,454
306,164,470
317,234,551
465,365,830
472,439,911
432,488,920
461,355,816
539,388,927
573,553,1126
639,540,1179
684,719,1403
521,537,1058
731,466,1197
923,108,1031
926,112,1038
948,187,1135
944,143,1087
945,143,1088
248,130,378
255,184,439
304,185,489
305,177,482
352,241,593
408,373,781
465,400,865
484,365,849
544,599,1143
477,581,1058
588,546,1134
558,408,966
571,347,918
809,889,1698
788,820,1608
931,157,1088
964,165,1129
957,173,1130
944,143,1087
305,190,495
347,200,547
512,436,948
943,187,1130
304,221,525
346,209,555
347,210,557
476,473,949
520,412,932
655,587,1242
508,543,1051
528,680,1208
666,715,1381
618,518,1136
906,391,1297
748,868,1616
938,112,1050
933,151,1084
947,157,1104
929,143,1072
943,184,1127
267,146,413
321,227,548
301,199,500
289,155,444
344,264,608
487,458,945
439,419,858
439,451,890
562,461,1023
666,467,1133
653,511,1164
619,494,1113
642,595,1237
529,471,1000
680,590,1270
926,112,1038
933,143,1076
943,163,1106
933,173,1106
942,184,1126
255,183,438
293,184,477
323,191,514
343,277,620
323,240,563
464,389,853
472,521,993
528,530,1058
574,544,1118
489,762,1251
577,438,1015
967,633,1600
725,619,1344
716,687,1403
748,800,1548
937,112,1049
953,163,1116
937,143,1080
929,151,1080
941,184,1125
266,176,442
297,170,467
333,233,566
297,175,472
342,247,589
468,419,887
541,533,1074
459,473,932
462,752,1214
543,986,1529
618,573,1191
748,610,1358
664,664,1328
951,624,1575
1189,541,1730
934,143,1077
948,187,1135
935,163,1098
943,202,1145
947,188,1135
294,204,498
315,230,545
362,279,641
352,286,638
352,236,588
577,395,972
588,344,932
520,500,1020
493,382,875
600,574,1174
539,636,1175
578,673,1251
697,673,1370
553,610,1163
846,662,1508
948,120,1068
945,173,1118
941,124,1065
940,112,1052
924,138,1062
285,167,452
282,198,480
279,153,432
335,210,545
269,191,460
470,548,1018
494,444,938
510,462,972
432,407,839
486,439,925
593,445,1038
647,490,1137
669,730,1399
641,687,1328
758,1008,1766
939,136,1075
943,110,1053
941,120,1061
949,120,1069
955,143,1098
270,135,405
278,184,462
315,170,485
286,202,488
433,363,796
506,317,823
480,447,927
292,258,550
480,409,889
568,510,1078
552,394,946
528,403,931
664,671,1335
595,395,990
612,759,1371
930,112,1042
943,151,1094
943,143,1086
938,144,1082
957,188,1145
303,192,495
259,172,431
311,222,533
299,251,550
362,260,622
457,352,809
490,601,1091
572,472,1044
544,412,956
520,613,1133
544,470,1014
806,519,1325
612,421,1033
691,732,1423
818,836,1654
940,112,1052
942,173,1115
935,151,1086
946,157,1103
939,154,1093
269,169,438
332,221,553
303,192,495
320,189,509
310,242,552
482,344,826
464,341,805
518,325,843
490,412,902
536,385,921
541,351,892
529,475,1004
620,736,1356
586,607,1193
543,537,1080
935,143,1078
954,161,1115
950,177,1127
938,110,1048
946,173,1119
265,129,394
295,186,481
332,226,558
344,308,652
336,242,578
535,379,914
476,353,829
422,516,938
543,355,898
550,313,863
595,491,1086
613,805,1418
716,814,1530
563,556,1119
1017,813,1830
929,173,1102
930,110,1040
938,143,1081
935,143,1078
932,171,1103
319,213,532
257,150,407
295,199,494
298,200,498
497,443,940
320,227,547
493,582,1075
435,573,1008
634,514,1148
489,361,850
514,407,921
782,807,1589
558,556,1114
601,551,1152
765,445,1210
930,133,1063
951,163,1114
933,173,1106
937,133,1070
957,173,1130
280,159,439
331,198,529
287,161,448
347,214,561
323,247,570
444,502,946
535,423,958
526,511,1037
453,626,1079
504,519,1023
618,650,1268
694,667,1361
730,901,1631
732,690,1422
825,379,1204
943,143,1086
939,143,1082
939,124,1063
954,120,1074
941,163,1104
291,167,458
303,185,488
299,218,517
321,228,549
512,405,917
483,487,970
280,216,496
524,599,1123
606,438,1044
476,350,826
510,603,1113
692,575,1267
566,627,1193
804,180,984
802,938,1740
923,157,1080
928,112,1040
955,143,1098
950,163,1113
958,202,1160
257,178,435
315,192,507
297,193,490
377,242,619
330,251,581
471,372,843
461,477,938
555,481,1036
667,248,915
556,397,953
502,506,1008
557,392,949
701,621,1322
609,675,1284
723,688,1411
934,112,1046
928,142,1070
929,143,1072
940,143,1083
944,151,1095
287,174,461
263,169,432
300,167,467
312,185,497
289,214,503
462,358,820
457,437,894
484,419,903
498,368,866
458,563,1021
627,462,1089
759,310,1069
559,368,927
560,641,1201
625,631,1256
938,136,1074
955,143,1098
949,168,1117
931,168,1099
315,234,549
951,147,1098
316,210,526
334,220,554
315,186,501
291,187,478
492,287,779
544,582,1126
480,373,853
496,502,998
524,394,918
500,388,888
695,158,853
799,322,1121
573,347,920
605,473,1078
949,143,1092
933,143,1076
919,126,1045
951,143,1094
938,143,1081
309,182,491
293,190,483
262,158,420
311,213,524
298,219,517
478,397,875
519,337,856
432,368,800
512,487,999
549,423,972
592,444,1036
550,491,1041
486,474,960
687,614,1301
685,464,1149
936,150,1086
947,143,1090
958,159,1117
950,143,1093
955,188,1143
303,234,537
307,182,489
334,240,574
310,187,497
360,288,648
525,383,908
553,398,951
492,352,844
484,451,935
598,403,1001
581,388,969
618,541,1159
564,519,1083
660,740,1400
620,554,1174
928,112,1040
945,151,1096
934,143,1077
948,202,1150
941,154,1095
257,178,435
294,171,465
313,241,554
367,305,672
312,244,556
461,363,824
460,348,808
540,475,1015
608,458,1066
541,742,1283
553,363,916
544,388,932
678,448,1126
949,621,1570
668,767,1435
938,143,1081
943,143,1086
934,112,1046
947,182,1129
968,173,1141
263,153,416
298,178,476
358,237,595
303,226,529
346,234,580
442,549,991
471,640,1111
524,660,1184
560,761,1321
536,588,1124
745,564,1309
865,775,1640
840,730,1570
797,724,1521
991,1218,2209
944,120,1064
919,124,1043
947,143,1090
953,173,1126
260,159,419
281,157,438
307,181,488
954,143,1097
343,227,570
314,178,492
433,443,876
535,442,977
456,469,925
487,359,846
483,414,897
624,353,977
675,400,1075
657,426,1083
575,586,1161
623,439,1062
931,112,1043
942,163,1105
927,112,1039
937,143,1080
929,143,1072
260,152,412
256,161,417
322,229,551
297,190,487
289,226,515
438,548,986
443,524,967
526,420,946
482,491,973
510,491,1001
713,524,1237
624,416,1040
741,553,1294
682,462,1144
690,635,1325
947,118,1065
926,112,1038
938,157,1095
945,173,1118
935,198,1133
255,137,392
282,198,480
335,196,531
312,187,499
418,348,766
350,243,593
480,487,967
536,396,932
533,614,1147
496,496,992
500,698,1198
703,504,1207
687,761,1448
811,812,1623
907,699,1606
926,112,1038
941,154,1095
957,157,1114
941,184,1125
929,173,1102
255,161,416
331,202,533
342,270,612
442,317,759
319,219,538
312,229,541
505,420,925
566,368,934
514,397,911
503,515,1018
616,435,1051
571,663,1234
525,974,1499
706,517,1223
1177,1319,2496
960,143,1103
944,120,1064
947,143,1090
926,112,1038
945,143,1088
305,192,497
320,239,559
281,179,460
307,175,482
492,383,875
255,166,421
478,260,738
554,718,1272
477,651,1128
466,247,713
590,623,1213
860,740,1600
940,1028,1968
447,306,753
494,375,869
938,110,1048
948,150,1098
954,173,1127
951,174,1125
918,129,1047
265,156,421
344,226,570
342,241,583
315,223,538
264,184,448
457,366,823
535,459,994
449,596,1045
675,491,1166
796,542,1338
526,502,1028
712,655,1367
547,482,1029
546,506,1052
695,782,1477
947,202,1149
947,143,1090
935,187,1122
366,250,616
929,123,1052
339,252,591
307,215,522
552,490,1042
943,163,1106
542,458,1000
517,277,794
323,228,551
486,303,789
655,667,1322
699,591,1290
269,168,437
526,376,902
452,536,988
581,481,1062
727,715,1442
930,112,1042
945,157,1102
933,143,1076
934,157,1091
259,166,425
293,211,504
451,316,767
499,386,885
308,216,524
505,398,903
508,533,1041
594,389,983
948,187,1135
581,387,968
352,271,623
319,207,526
507,667,1174
874,667,1541
574,354,928
564,505,1069
921,134,1055
922,112,1034
950,143,1093
947,165,1112
944,173,1117
272,198,470
251,141,392
310,205,515
334,193,527
474,376,850
418,596,1014
510,520,1030
492,556,1048
559,458,1017
780,341,1121
762,450,1212
732,626,1358
329,205,534
507,527,1034
736,649,1385
918,129,1047
929,112,1041
959,173,1132
956,143,1099
944,177,1121
264,160,424
258,154,412
349,212,561
316,214,530
338,272,610
433,639,1072
438,605,1043
571,553,1124
525,439,964
796,358,1154
526,679,1205
819,428,1247
657,527,1184
900,876,1776
759,562,1321
938,127,1065
948,143,1091
967,143,1110
934,173,1107
943,173,1116
282,161,443
308,189,497
327,204,531
324,235,559
333,233,566
526,359,885
454,501,955
531,356,887
524,577,1101
492,599,1091
561,384,945
588,399,987
701,486,1187
773,617,1390
809,741,1550
941,151,1092
953,157,1110
952,143,1095
947,154,1101
945,183,1128
327,197,524
309,215,524
312,220,532
318,199,517
345,233,578
527,410,937
501,437,938
505,447,952
511,488,999
533,478,1011
646,499,1145
662,699,1361
685,471,1156
624,534,1158
691,898,1589
929,79,1008
947,143,1090
939,173,1112
941,143,1084
225,140,365
307,197,504
301,208,509
957,154,1111
504,359,863
328,280,608
424,421,845
329,246,575
499,432,931
592,413,1005
562,446,1008
540,483,1023
641,537,1178
612,622,1234
632,438,1070
684,676,1360
941,143,1084
940,163,1103
957,173,1130
949,157,1106
924,173,1097
301,202,503
320,245,565
323,190,513
347,218,565
314,221,535
498,683,1181
530,553,1083
500,654,1154
540,341,881
772,683,1455
494,608,1102
886,933,1819
840,824,1664
543,569,1112
819,529,1348
931,129,1060
954,143,1097
932,126,1058
956,173,1129
932,124,1056
277,183,460
275,155,430
346,232,578
273,200,473
314,209,523
469,440,909
442,396,838
487,466,953
543,541,1084
518,443,961
633,401,1034
590,366,956
660,477,1137
759,540,1299
659,654,1313
931,109,1040
925,112,1037
937,112,1049
943,173,1116
254,154,408
257,151,408
946,187,1133
333,193,526
266,146,412
434,394,828
350,241,591
437,344,781
581,380,961
491,545,1036
438,420,858
537,421,958
542,747,1289
750,567,1317
955,554,1509
619,648,1267
943,139,1082
968,157,1125
935,110,1045
944,143,1087
927,187,1114
342,195,537
262,138,400
299,170,469
304,187,491
331,248,579
518,341,859
468,398,866
486,476,962
530,566,1096
571,489,1060
682,410,1092
603,739,1342
428,437,865
634,605,1239
755,533,1288
953,120,1073
938,188,1126
948,173,1121
944,150,1094
954,171,1125
338,221,559
343,259,602
290,209,499
311,236,547
342,276,618
517,317,834
552,446,998
524,426,950
585,495,1080
532,508,1040
646,501,1147
636,379,1015
711,640,1351
535,556,1091
762,650,1412
923,141,1064
950,143,1093
947,173,1120
933,157,1090
933,157,1090
281,205,486
310,191,501
307,189,496
307,220,527
337,221,558
477,357,834
483,346,829
508,433,941
523,579,1102
496,674,1170
552,526,1078
531,609,1140
788,449,1237
628,453,1081
886,906,1792
949,143,1092
945,171,1116
948,168,1116
949,163,1112
958,202,1160
309,221,530
333,235,568
329,296,625
377,255,632
333,277,610
568,375,943
525,427,952
600,637,1237
538,494,1032
577,527,1104
704,410,1114
638,452,1090
734,512,1246
595,683,1278
848,551,1399
926,124,1050
934,187,1121
944,187,1131
958,171,1129
267,186,453
935,112,1047
346,225,571
348,260,608
338,215,553
264,161,425
559,434,993
538,525,1063
504,441,945
467,534,1001
640,387,1027
451,611,1062
637,441,1078
808,388,1196
722,714,1436
745,844,1589
941,97,1038
932,110,1042
931,143,1074
953,143,1096
945,173,1118
255,143,398
259,148,407
313,209,522
291,208,499
335,228,563
439,293,732
528,267,795
494,350,844
517,373,890
435,637,1072
496,360,856
474,401,875
588,425,1013
543,405,948
831,435,1266
921,129,1050
946,118,1064
953,143,1096
947,143,1090
281,135,416
946,188,1134
267,159,426
307,215,522
351,215,566
436,356,792
435,348,783
517,484,1001
313,219,532
564,358,922
516,613,1129
527,370,897
693,599,1292
585,364,949
531,306,837
821,980,1801
937,110,1047
941,110,1051
936,151,1087
941,143,1084
264,131,395
268,144,412
353,267,620
304,204,508
301,206,507
440,393,833
423,517,940
495,384,879
502,405,907
576,412,988
596,377,973
608,414,1022
716,621,1337
628,573,1201
582,480,1062
936,110,1046
949,143,1092
934,124,1058
949,171,1120
263,130,393
941,187,1128
275,172,447
309,196,505
345,227,572
337,249,586
421,349,770
461,411,872
500,482,982
547,479,1026
553,644,1197
523,693,1216
896,8,904
607,508,1115
693,703,1396
855,549,1404
938,109,1047
940,157,1097
948,157,1105
951,143,1094
938,173,1111
264,153,417
314,212,526
322,200,522
311,192,503
328,226,554
507,372,879
446,684,1130
498,469,967
884,324,1208
574,485,1059
503,624,1127
519,643,1162
843,807,1650
682,794,1476
834,917,1751
946,143,1089
941,143,1084
930,133,1063
930,157,1087
952,143,1095
280,167,447
301,198,499
306,187,493
304,206,510
312,188,500
494,358,852
491,431,922
488,455,943
452,379,831
495,413,908
561,478,1039
623,430,1053
571,437,1008
663,644,1307
627,548,1175
929,154,1083
941,173,1114
955,173,1128
943,157,1100
933,202,1135
300,162,462
331,227,558
345,270,615
317,203,520
352,245,597
446,434,880
523,516,1039
580,460,1040
533,468,1001
501,496,997
625,464,1089
701,369,1070
677,623,1300
719,946,1665
663,753,1416
934,143,1077
930,112,1042
939,110,1049
935,134,1069
931,173,1104
266,177,443
294,183,477
259,162,421
286,189,475
321,221,542
447,301,748
479,388,867
472,405,877
471,508,979
507,376,883
493,291,784
585,390,975
569,461,1030
601,465,1066
709,771,1480
926,112,1038
929,154,1083
938,187,1125
944,173,1117
934,173,1107
300,183,483
255,163,418
334,248,582
342,218,560
324,215,539
444,408,852
511,484,995
467,391,858
504,385,889
547,528,1075
582,330,912
596,592,1188
684,778,1462
581,601,1182
734,789,1523
942,131,1073
930,157,1087
941,173,1114
943,179,1122
304,198,502
290,189,479
339,253,592
331,225,556
483,526,1009
521,431,952
972,150,1122
486,604,1090
551,643,1194
339,207,546
718,635,1353
534,525,1059
634,540,1174
848,1008,1856
808,814,1622
759,554,1313
944,143,1087
943,143,1086
934,173,1107
936,110,1046
938,173,1111
263,147,410
304,238,542
324,239,563
303,198,501
328,290,618
438,349,787
528,386,914
537,500,1037
583,474,1057
496,468,964
547,489,1036
582,445,1027
674,638,1312
706,486,1192
673,675,1348
938,112,1050
938,112,1050
944,143,1087
945,110,1055
942,143,1085
267,169,436
267,179,446
272,146,418
304,188,492
302,178,480
462,259,721
446,360,806
475,380,855
487,485,972
472,485,957
584,428,1012
459,457,916
567,594,1161
691,624,1315
685,657,1342
944,143,1087
952,173,1125
944,110,1054
947,202,1149
946,173,1119
304,185,489
271,181,452
342,219,561
366,269,635
336,229,565
571,406,977
484,527,1011
480,614,1094
530,701,1231
615,434,1049
733,551,1284
909,911,1820
526,479,1005
820,750,1570
693,440,1133
955,120,1075
951,143,1094
941,173,1114
933,112,1045
929,112,1041
311,173,484
292,191,483
262,194,456
331,231,562
258,156,414
440,334,774
482,369,851
479,483,962
501,438,939
527,457,984
525,290,815
564,337,901
655,389,1044
696,625,1321
660,710,1370
953,120,1073
944,143,1087
953,173,1126
945,143,1088
947,183,1130
290,190,480
304,189,493
343,248,591
305,196,501
347,275,622
556,386,942
488,493,981
496,358,854
577,625,1202
498,635,1133
699,643,1342
565,646,1211
601,533,1134
850,423,1273
834,851,1685
954,120,1074
919,112,1031
941,131,1072
936,126,1062
945,143,1088
291,139,430
248,150,398
279,166,445
289,174,463
305,207,512
424,332,756
457,447,904
507,313,820
448,481,929
513,315,828
470,521,991
520,452,972
645,597,1242
697,628,1325
724,707,1431
929,110,1039
933,126,1059
936,126,1062
934,173,1107
942,168,1110
256,148,404
279,160,439
276,168,444
327,223,550
324,225,549
432,450,882
451,324,775
514,332,846
456,559,1015
520,483,1003
522,508,1030
528,453,981
754,677,1431
641,743,1384
687,761,1448
927,112,1039
963,143,1106
940,157,1097
939,173,1112
256,180,436
314,207,521
323,200,523
939,143,1082
329,231,560
299,212,511
462,415,877
518,378,896
525,557,1082
502,640,1142
506,402,908
603,635,1238
604,607,1211
758,554,1312
842,799,1641
603,634,1237
948,120,1068
937,112,1049
949,151,1100
948,164,1112
929,173,1102
266,150,416
285,167,452
317,190,507
329,245,574
319,231,550
442,543,985
548,418,966
470,373,843
515,443,958
742,774,1516
628,698,1326
634,447,1081
583,533,1116
494,527,1021
738,751,1489
946,143,1089
945,156,1101
947,120,1067
945,142,1087
943,173,1116
306,218,524
318,201,519
304,224,528
333,213,546
284,158,442
524,376,900
519,592,1111
501,625,1126
460,505,965
511,523,1034
728,200,928
583,524,1107
714,688,1402
832,817,1649
800,649,1449
955,143,1098
934,112,1046
936,173,1109
939,187,1126
263,161,424
925,141,1066
315,216,531
326,216,542
343,228,571
283,140,423
450,355,805
526,471,997
551,449,1000
420,661,1081
507,410,917
688,662,1350
848,350,1198
608,489,1097
522,619,1141
820,961,1781
937,112,1049
947,143,1090
948,143,1091
932,112,1044
934,157,1091
266,177,443
261,146,407
307,197,504
308,195,503
433,324,757
469,444,913
308,229,537
499,570,1069
484,420,904
518,524,1042
616,443,1059
532,437,969
779,599,1378
643,619,1262
647,425,1072
942,143,1085
937,143,1080
944,143,1087
930,157,1087
940,142,1082
297,199,496
302,195,497
304,215,519
299,168,467
304,201,505
491,384,875
500,327,827
492,467,959
500,575,1075
583,441,1024
519,352,871
463,744,1207
671,588,1259
781,465,1246
946,431,1377
930,104,1034
935,110,1045
939,124,1063
923,112,1035
931,173,1104
262,154,416
251,161,412
252,133,385
280,201,481
321,223,544
444,461,905
509,407,916
411,450,861
495,519,1014
600,535,1135
635,548,1183
446,379,825
720,700,1420
658,512,1170
571,616,1187
926,112,1038
939,143,1082
939,143,1082
933,173,1106
255,131,386
299,184,483
299,205,504
323,216,539
928,143,1071
288,217,505
499,382,881
478,489,967
412,417,829
500,369,869
583,349,932
504,487,991
605,513,1118
559,314,873
690,552,1242
682,481,1163
945,97,1042
935,143,1078
948,167,1115
940,143,1083
951,168,1119
259,137,396
295,185,480
332,242,574
336,214,550
475,346,821
545,388,933
300,195,495
437,571,1008
490,322,812
520,551,1071
598,456,1054
778,531,1309
543,332,875
764,693,1457
524,635,1159
934,112,1046
941,150,1091
928,112,1040
939,151,1090
938,188,1126
263,153,416
257,152,409
308,195,503
307,233,540
343,253,596
442,318,760
491,438,929
546,441,987
435,538,973
527,428,955
514,594,1108
629,411,1040
641,685,1326
641,774,1415
728,656,1384
941,143,1084
958,163,1121
934,187,1121
942,173,1115
938,110,1048
338,229,567
332,209,541
265,138,403
338,248,586
301,205,506
431,360,791
537,549,1086
542,525,1067
501,445,946
506,569,1075
648,410,1058
560,571,1131
745,697,1442
745,663,1408
773,565,1338
925,110,1035
935,163,1098
955,143,1098
942,182,1124
968,157,1125
252,154,406
315,217,532
342,207,549
315,190,505
341,271,612
434,346,780
507,582,1089
530,576,1106
568,583,1151
500,615,1115
533,499,1032
787,604,1391
806,956,1762
779,660,1439
832,1169,2001
941,109,1050
945,112,1057
951,143,1094
929,157,1086
267,179,446
274,144,418
311,238,549
946,112,1058
303,208,511
275,180,455
444,363,807
544,403,947
492,402,894
475,595,1070
570,461,1031
616,608,1224
798,476,1274
481,431,912
593,629,1222
639,674,1313
933,143,1076
946,173,1119
935,157,1092
941,143,1084
932,187,1119
293,181,474
336,250,586
301,242,543
336,223,559
309,218,527
510,453,963
469,429,898
508,444,952
538,482,1020
551,528,1079
641,412,1053
624,494,1118
647,730,1377
685,646,1331
736,761,1497
943,127,1070
953,151,1104
943,173,1116
932,129,1061
945,188,1133
287,189,476
278,166,444
321,217,538
333,221,554
350,286,636
525,414,939
487,430,917
519,650,1169
586,498,1084
641,486,1127
629,483,1112
635,735,1370
705,636,1341
855,1070,1925
933,112,1045
936,173,1109
937,184,1121
262,173,435
957,163,1120
338,248,586
324,270,594
461,363,824
337,202,539
326,227,553
540,384,924
558,328,886
561,403,964
514,517,1031
601,398,999
736,669,1405
518,572,1090
583,796,1379
770,731,1501
925,112,1037
929,110,1039
956,143,1099
951,173,1124
939,173,1112
256,140,396
254,162,416
316,179,495
329,251,580
341,261,602
490,416,906
545,341,886
424,678,1102
567,416,983
634,455,1089
442,299,741
869,483,1352
542,500,1042
486,267,753
629,741,1370
945,143,1088
919,110,1029
934,112,1046
944,157,1101
950,157,1107
246,144,390
263,166,429
305,186,491
324,191,515
318,203,521
502,308,810
418,523,941
486,401,887
455,354,809
514,418,932
496,722,1218
608,496,1104
550,376,926
934,352,1286
704,656,1360
931,112,1043
938,126,1064
944,151,1095
946,173,1119
949,131,1080
260,167,427
312,192,504
336,229,565
297,151,448
281,171,452
453,421,874
491,565,1056
530,390,920
455,487,942
464,357,821
598,433,1031
614,535,1149
557,430,987
698,500,1198
771,677,1448
953,173,1126
939,187,1126
957,173,1130
932,144,1076
936,134,1070
343,230,573
347,225,572
293,251,544
343,272,615
287,187,474
538,445,983
537,466,1003
538,395,933
478,456,934
639,461,1100
654,600,1254
685,599,1284
610,578,1188
566,658,1224
859,872,1731
940,143,1083
932,154,1086
933,112,1045
934,143,1077
935,163,1098
303,234,537
262,191,453
300,209,509
315,222,537
521,222,743
294,181,475
479,461,940
512,446,958
470,401,871
416,387,803
504,306,810
643,478,1121
656,611,1267
597,618,1215
508,522,1030
934,142,1076
938,143,1081
954,157,1111
957,157,1114
934,112,1046
298,217,515
293,221,514
328,229,557
331,231,562
263,144,407
510,435,945
433,352,785
538,385,923
543,405,948
510,705,1215
548,355,903
635,503,1138
601,457,1058
624,498,1122
901,447,1348
924,112,1036
938,110,1048
919,143,1062
928,110,1038
948,143,1091
253,160,413
265,166,431
279,199,478
255,140,395
308,222,530
439,374,813
459,425,884
473,402,875
423,424,847
525,371,896
560,456,1016
625,714,1339
614,409,1023
583,453,1036
581,615,1196
933,112,1045
931,143,1074
928,171,1099
950,187,1137
954,145,1099
262,133,395
291,191,482
316,193,509
354,288,642
316,255,571
421,309,730
477,357,834
502,387,889
504,333,837
593,573,1166
538,464,1002
603,392,995
550,471,1021
654,598,1252
785,787,1572
932,143,1075
930,143,1073
948,202,1150
942,163,1105
955,173,1128
290,205,495
292,202,494
367,248,615
345,220,565
322,209,531
506,349,855
489,444,933
553,351,904
490,596,1086
530,661,1191
551,662,1213
638,327,965
872,533,1405
878,943,1821
788,1081,1869
928,129,1057
947,173,1120
964,188,1152
274,174,448
272,188,460
337,232,569
369,243,612
457,314,771
478,376,854
534,486,1020
562,558,1120
573,633,1206
695,494,1189
504,640,1144
784,543,1327
