prompt_tokens,completion_tokens,total_tokens
1166,220,1386
497,283,780
723,458,1181
895,582,1477
1129,220,1349
460,263,723
666,464,1130
864,479,1343
1168,220,1388
499,302,801
744,609,1353
1048,426,1474
1138,204,1342
453,243,696
655,878,1533
1287,678,1965
1129,113,1242
353,141,494
544,779,1323
1179,409,1588
1150,204,1354
465,274,739
698,557,1255
978,459,1437
1160,204,1364
475,268,743
702,472,1174
903,439,1342
1163,113,1276
387,142,529
579,677,1256
1111,591,1702
1182,182,1364
475,227,702
683,643,1326
1096,422,1518
1171,220,1391
502,272,774
717,928,1645
1370,536,1906
1147,220,1367
478,294,772
715,524,1239
942,583,1525
1145,220,1365
476,277,753
696,451,1147
867,450,1317
1163,204,1367
478,271,749
708,586,1294
1020,550,1570
1160,169,1329
440,240,680
674,995,1669
1426,505,1931
1130,204,1334
445,229,674
633,440,1073
841,523,1364
1167,220,1387
498,311,809
752,661,1413
1099,494,1593
1169,220,1389
500,280,780
723,642,1365
1082,604,1686
1169,204,1373
484,241,725
684,827,1511
1267,623,1890
1166,204,1370
481,265,746
705,427,1132
864,388,1252
1131,204,1335
446,270,716
675,587,1262
989,609,1598
1158,113,1271
382,122,504
554,569,1123
998,400,1398
1174,204,1378
489,271,760
719,430,1149
875,442,1317
1160,204,1364
475,250,725
684,646,1330
1077,753,1830
1148,204,1352
463,260,723
682,564,1246
983,475,1458
1147,220,1367
478,282,760
703,638,1341
1056,442,1498
1167,163,1330
441,247,688
688,526,1214
964,519,1483
1162,204,1366
477,258,735
694,539,1233
972,524,1496
1161,204,1365
476,309,785
744,553,1297
985,500,1485
1122,148,1270
381,153,534
549,549,1098
942,553,1495
1126,220,1346
457,260,717
660,571,1231
968,628,1596
1125,220,1345
456,274,730
673,407,1080
803,395,1198
1131,204,1335
446,236,682
641,734,1375
1136,685,1821
1133,204,1337
448,270,718
677,532,1209
936,448,1384
1179,182,1361
472,251,723
704,474,1178
924,541,1465
1129,148,1277
388,170,558
573,669,1242
1069,541,1610
1130,220,1350
461,268,729
672,485,1157
886,444,1330
1167,220,1387
498,287,785
728,833,1561
1271,468,1739
1149,204,1353
464,263,727
686,546,1232
966,532,1498
1161,170,1331
442,199,641
634,860,1494
1292,652,1944
1150,131,1281
392,171,563
595,665,1260
1086,435,1521
1142,198,1340
451,267,718
683,498,1181
911,514,1425
1128,204,1332
443,251,694
653,653,1306
1052,600,1652
1143,220,1363
474,262,736
679,495,1174
909,545,1454
1127,204,1331
442,265,707
666,686,1352
1084,543,1627
1130,148,1278
389,176,565
580,567,1147
968,442,1410
1126,198,1324
435,243,678
643,611,1254
1008,650,1658
1144,220,1364
475,288,763
706,488,1194
903,471,1374
1152,204,1356
467,256,723
682,998,1680
1421,517,1938
1123,220,1343
454,306,760
703,498,1201
892,449,1341
1175,163,1338
449,239,688
688,617,1305
1063,706,1769
1158,204,1362
473,284,757
716,519,1235
948,476,1424
1164,220,1384
495,272,767
710,506,1216
941,467,1408
1129,204,1333
444,236,680
639,540,1179
940,570,1510
1147,220,1367
478,289,767
710,531,1241
949,488,1437
1162,204,1366
477,282,759
718,421,1139
854,434,1288
1172,204,1376
487,248,735
694,558,1252
1001,578,1579
1174,220,1394
505,272,777
720,477,1197
922,493,1415
1128,164,1292
403,203,606
605,672,1277
1071,191,1262
1152,204,1356
467,274,741
700,647,1347
1070,579,1649
1165,204,1369
480,271,751
710,464,1174
900,397,1297
1166,131,1297
408,186,594
626,690,1316
1127,610,1737
1147,220,1367
478,272,750
693,637,1330
1055,733,1788
1127,169,1296
407,215,622
616,756,1372
1154,448,1602
1137,220,1357
468,312,780
723,437,1160
845,492,1337
1145,220,1365
476,292,768
711,708,1419
1124,700,1824
1140,166,1306
417,194,611
608,590,1198
1001,508,1509
1122,198,1320
431,239,670
635,649,1284
1042,616,1658
1179,220,1399
510,294,804
747,556,1303
1006,509,1515
1158,148,1306
417,196,613
628,742,1370
1171,495,1666
1161,198,1359
470,247,717
682,718,1400
1150,666,1816
1128,204,1332
443,255,698
657,587,1244
986,605,1591
1129,220,1349
460,292,752
695,733,1428
1133,397,1530
1153,204,1357
468,270,738
697,899,1596
1323,466,1789
1127,148,1275
386,182,568
583,379,962
777,443,1220
1122,164,1286
397,201,598
597,550,1147
943,451,1394
1154,220,1374
485,329,814
757,1159,1916
1584,630,2214
1175,220,1395
506,253,759
702,519,1221
965,574,1539
1146,220,1366
477,310,787
730,644,1374
1061,710,1771
1124,148,1272
383,176,559
574,517,1091
912,384,1296
1127,204,1331
442,246,688
647,621,1268
1019,533,1552
1167,198,1365
476,267,743
708,531,1239
969,574,1543
1127,220,1347
458,272,730
673,605,1278
1003,434,1437
1179,220,1399
510,321,831
774,672,1446
1122,389,1511
1128,204,1332
443,272,715
674,548,1222
947,606,1553
1173,220,1393
504,284,788
731,478,1209
922,526,1448
1167,198,1365
476,256,732
697,614,1311
1052,851,1903
1180,204,1384
495,289,784
743,785,1528
1236,646,1882
1169,204,1373
484,244,728
687,456,1143
896,463,1359
1164,166,1330
441,179,620
617,621,1238
1056,534,1590
1148,204,1352
463,264,727
686,485,1171
904,445,1349
1130,176,1306
417,204,621
608,453,1061
854,421,1275
1149,220,1369
480,304,784
727,481,1208
901,437,1338
1138,169,1307
418,222,640
634,625,1259
1034,614,1648
1129,220,1349
460,266,726
669,406,1075
806,367,1173
1128,204,1332
443,281,724
683,425,1108
824,463,1287
1128,220,1348
459,266,725
668,455,1123
854,475,1329
1162,113,1275
386,169,555
605,516,1121
949,481,1430
1192,220,1412
523,325,848
791,1076,1867
1539,635,2174
1130,165,1295
406,262,668
666,1098,1764
1499,652,2151
1155,220,1375
486,271,757
700,783,1483
1209,599,1808
1143,163,1306
417,196,613
613,520,1133
934,565,1499
1169,204,1373
484,310,794
753,785,1538
1225,775,2000
1125,198,1323
434,258,692
657,711,1368
1107,500,1607
1170,220,1390
501,271,772
715,579,1294
1020,644,1664
1128,220,1348
459,303,762
705,828,1533
1227,481,1708
1161,220,1381
492,281,773
716,355,1071
787,486,1273
1121,220,1341
452,292,744
687,396,1083
788,421,1209
1134,204,1338
449,261,710
669,645,1314
1050,572,1622
1133,163,1296
407,238,645
645,507,1152
911,487,1398
1150,164,1314
425,239,664
663,655,1318
1076,593,1669
1124,184,1308
419,241,660
639,653,1292
1048,528,1576
1166,204,1370
481,263,744
703,933,1636
1370,605,1975
1117,220,1337
448,240,688
631,459,1090
847,393,1240
1125,148,1273
384,182,566
581,780,1361
1176,402,1578
1120,220,1340
451,286,737
680,751,1431
1142,418,1560
1121,220,1341
452,278,730
673,565,1238
957,624,1581
1125,220,1345
456,282,738
681,648,1329
1044,499,1543
1164,220,1384
495,282,777
720,715,1435
1150,513,1663
1122,148,1270
381,168,549
564,603,1167
996,604,1600
1145,204,1349
460,261,721
680,1035,1715
1451,536,1987
1168,204,1372
483,257,740
699,499,1198
938,434,1372
1136,188,1324
435,249,684
659,493,1152
900,452,1352
1176,220,1396
507,287,794
737,623,1360
1070,602,1672
1118,164,1282
393,193,586
585,408,993
797,504,1301
1166,198,1364
475,269,744
709,553,1262
990,513,1503
1130,220,1350
461,271,732
675,612,1287
1013,466,1479
1139,220,1359
470,273,743
686,669,1355
1079,847,1926
1122,220,1342
453,274,727
670,603,1273
996,503,1499
1165,204,1369
480,225,705
664,457,1121
893,487,1380
1176,204,1380
491,303,794
753,726,1479
1173,586,1759
1175,204,1379
490,302,792
751,647,1398
1093,451,1544
1171,220,1391
502,290,792
735,708,1443
1150,578,1728
1136,148,1284
395,192,587
602,357,959
764,374,1138
1160,163,1323
434,220,654
654,479,1133
910,619,1529
1146,204,1350
461,254,715
674,482,1156
899,414,1313
1150,220,1370
481,271,752
695,355,1050
776,433,1209
1131,182,1313
424,223,647
628,366,994
768,335,1103
1146,204,1350
461,271,732
691,674,1365
1091,486,1577
1124,148,1272
383,190,573
588,623,1211
1018,533,1551
1140,169,1309
420,191,611
605,469,1074
880,435,1315
1142,169,1311
422,201,623
617,620,1237
1033,445,1478
1126,220,1346
457,260,717
660,534,1194
931,490,1421
1163,220,1383
494,302,796
739,738,1477
1172,662,1834
1171,220,1391
502,285,787
730,668,1398
1110,376,1486
1162,220,1382
493,290,783
726,495,1221
928,458,1386
1139,220,1359
470,274,744
687,535,1222
945,504,1449
1170,148,1318
429,160,589
604,722,1326
1163,632,1795
1129,220,1349
460,301,761
704,397,1101
797,405,1202
1124,220,1344
455,259,714
657,454,1111
849,479,1328
1120,204,1324
435,259,694
653,569,1222
960,624,1584
1134,220,1354
465,259,724
667,443,1110
848,429,1277
1129,220,1349
460,276,736
679,510,1189
910,603,1513
1153,148,1301
412,162,574
589,488,1077
912,451,1363
1166,220,1386
497,267,764
707,546,1253
983,558,1541
1144,204,1348
459,260,719
678,710,1388
1125,481,1606
1128,198,1326
437,255,692
657,489,1146
888,444,1332
1169,148,1317
428,245,673
688,638,1326
1078,637,1715
1144,148,1292
403,179,582
597,392,989
807,433,1240
1139,220,1359
470,239,709
652,619,1271
1029,601,1630
1169,182,1351
462,251,713
694,596,1290
1036,600,1636
1166,198,1364
475,259,734
699,527,1226
964,514,1478
1138,220,1358
469,260,729
672,517,1189
926,468,1394
1141,204,1345
456,236,692
651,577,1228
989,537,1526
1170,220,1390
501,266,767
710,602,1312
1043,555,1598
1130,148,1278
389,186,575
590,609,1199
1010,533,1543
1140,160,1300
411,190,601
604,556,1160
967,483,1450
1129,148,1277
388,177,565
580,594,1174
994,503,1497
1153,220,1373
484,291,775
718,543,1261
967,495,1462
1180,198,1378
489,273,762
727,793,1520
1244,410,1654
1167,204,1371
482,253,735
694,424,1118
862,435,1297
1149,115,1264
375,272,647
695,673,1368
1093,454,1547
1145,204,1349
460,294,754
713,467,1180
883,425,1308
1133,220,1353
464,296,760
703,470,1173
874,407,1281
1124,220,1344
455,244,699
642,545,1187
940,482,1422
1147,148,1295
406,162,568
583,945,1528
1363,424,1787
1151,204,1355
466,266,732
691,603,1294
1025,571,1596
1134,182,1316
427,260,687
668,456,1124
861,478,1339
1133,131,1264
375,183,558
590,436,1026
840,405,1245
1150,169,1319
430,194,624
618,623,1241
1044,473,1517
1150,198,1348
459,257,716
681,489,1170
910,430,1340
1131,220,1351
462,263,725
668,449,1117
851,365,1216
1126,163,1289
400,195,595
595,588,1183
985,475,1460
1161,148,1309
420,143,563
578,754,1332
1186,480,1666
1142,198,1340
451,271,722
687,536,1223
949,454,1403
1148,220,1368
479,291,770
713,518,1231
937,487,1424
1126,198,1324
435,269,704
669,689,1358
1086,634,1720
1142,204,1346
457,270,727
686,457,1143
870,392,1262
1150,204,1354
465,292,757
716,719,1435
1140,646,1786
1173,220,1393
504,288,792
735,815,1550
1259,737,1996
1153,220,1373
484,266,750
693,444,1137
868,518,1386
1167,204,1371
482,265,747
706,882,1588
1320,724,2044
1150,204,1354
465,258,723
682,712,1394
1133,654,1787
1124,220,1344
455,280,735
678,536,1214
931,624,1555
1162,204,1366
477,264,741
700,680,1380
1113,629,1742
1128,204,1332
443,243,686
645,436,1081
835,399,1234
1123,131,1254
365,156,521
553,523,1076
917,415,1332
1169,220,1389
500,294,794
737,624,1361
1064,623,1687
1147,204,1351
462,232,694
653,442,1095
860,553,1413
1160,220,1380
491,276,767
710,631,1341
1062,581,1643
1142,220,1362
473,306,779
722,607,1329
1020,718,1738
1171,148,1319
430,176,606
621,637,1258
1079,521,1600
1138,109,1247
358,122,480
534,931,1465
1340,556,1896
1187,188,1375
486,271,757
732,1008,1740
1466,540,2006
1155,204,1359
470,271,741
700,529,1229
955,595,1550
1126,113,1239
350,159,509
559,537,1096
934,422,1356
1147,109,1256
367,135,502
556,632,1188
1050,471,1521
1124,220,1344
455,258,713
656,675,1331
1070,441,1511
1132,198,1330
441,240,681
646,484,1130
887,471,1358
1165,204,1369
480,249,729
688,521,1209
957,478,1435
1142,220,1362
473,321,794
737,452,1189
865,467,1332
1125,148,1273
384,167,551
566,713,1279
1109,452,1561
1123,115,1238
349,157,506
554,480,1034
874,425,1299
1168,220,1388
499,253,752
695,615,1310
1054,617,1671
1144,220,1364
475,305,780
723,431,1154
846,475,1321
1149,198,1347
458,246,704
669,856,1525
1276,813,2089
1128,198,1326
437,275,712
677,474,1151
873,448,1321
1146,148,1294
405,206,611
626,643,1269
1060,494,1554
1126,115,1241
352,150,502
550,409,959
806,497,1303
1150,131,1281
392,181,573
605,780,1385
1201,435,1636
1151,220,1371
482,293,775
718,457,1175
879,486,1365
1122,168,1290
401,180,581
576,630,1206
1023,554,1577
1174,220,1394
505,296,801
744,691,1435
1136,520,1656
1158,182,1340
451,246,697
678,532,1210
961,491,1452
1182,204,1386
497,270,767
726,1096,1822
1549,565,2114
1150,148,1298
409,156,565
580,593,1173
1014,590,1604
1171,220,1391
502,296,798
741,723,1464
1165,663,1828
1168,198,1366
477,274,751
716,530,1246
969,545,1514
1155,113,1268
379,133,512
562,683,1245
1109,575,1684
1165,198,1363
474,273,747
712,589,1301
1025,606,1631
1143,204,1347
458,305,763
722,729,1451
1143,843,1986
1162,220,1382
493,295,788
731,607,1338
1040,590,1630
1124,131,1255
366,168,534
566,486,1052
881,466,1347
1171,204,1375
486,248,734
693,784,1477
1226,352,1578
1146,220,1366
477,253,730
673,774,1447
1191,630,1821
1157,188,1345
456,248,704
679,464,1143
892,510,1402
1126,220,1346
457,282,739
682,531,1213
928,544,1472
1125,113,1238
349,141,490
540,599,1139
995,413,1408
1172,147,1319
430,231,661
677,413,1090
856,509,1365
1152,220,1372
483,325,808
751,858,1609
1281,402,1683
1145,220,1365
476,255,731
674,823,1497
1239,738,1977
1170,220,1390
501,268,769
712,485,1197
926,433,1359
1171,220,1391
502,276,778
721,512,1233
954,481,1435
1125,164,1289
400,205,605
604,438,1042
834,448,1282
1174,220,1394
505,284,789
732,739,1471
1184,694,1878
1167,204,1371
482,273,755
714,1102,1816
1540,477,2017
1127,204,1331
442,220,662
621,629,1250
1027,471,1498
1126,220,1346
457,296,753
696,901,1597
1298,897,2195
1158,113,1271
382,159,541
591,726,1317
1155,431,1586
1166,204,1370
481,234,715
674,428,1102
865,502,1367
1157,188,1345
456,241,697
672,648,1320
1076,262,1338
