prompt_tokens,completion_tokens,total_tokens
1052,156,1208
318,193,511
518,749,1267
949,621,1570
1047,138,1185
295,182,477
502,450,952
645,404,1049
1070,109,1179
289,126,415
469,603,1072
821,549,1370
1049,133,1182
292,121,413
443,486,929
683,202,885
1071,160,1231
341,227,568
571,1100,1671
1319,706,2025
1054,196,1250
360,230,590
557,508,1065
710,358,1068
1080,162,1242
352,178,530
531,807,1338
1035,399,1434
1069,128,1197
307,167,474
509,645,1154
862,454,1316
1054,109,1163
273,104,377
431,490,921
692,458,1150
1068,138,1206
316,174,490
515,507,1022
723,454,1177
1074,184,1258
368,225,593
572,899,1471
1121,840,1961
1052,137,1189
299,116,415
441,674,1115
874,667,1541
1072,171,1243
353,269,622
614,714,1328
934,201,1135
1064,109,1173
283,149,432
486,786,1272
998,513,1511
1048,109,1157
267,107,374
428,458,886
654,486,1140
1040,138,1178
288,203,491
516,453,969
641,258,899
1068,109,1177
287,116,403
457,583,1040
799,500,1299
1038,137,1175
285,157,442
468,809,1277
995,245,1240
1046,187,1233
343,268,611
587,965,1552
1159,910,2069
1085,113,1198
308,164,472
522,786,1308
1019,612,1631
1074,163,1237
347,207,554
554,967,1521
1189,513,1702
1067,109,1176
286,113,399
453,533,986
748,519,1267
1060,170,1230
340,236,576
569,943,1512
1151,573,1724
1064,109,1173
283,159,442
496,743,1239
955,384,1339
1068,113,1181
291,163,454
504,866,1370
1082,619,1701
1064,167,1231
341,214,555
551,890,1441
1102,703,1805
1057,142,1199
309,143,452
473,463,936
668,418,1086
1063,138,1201
311,200,511
536,665,1201
876,479,1355
1069,166,1235
345,139,484
481,563,1044
780,537,1317
1059,155,1214
324,211,535
543,767,1310
974,345,1319
1064,138,1202
312,189,501
526,798,1324
1010,421,1431
1062,113,1175
285,125,410
460,574,1034
784,584,1368
1060,167,1227
337,235,572
568,782,1350
990,368,1358
1074,171,1245
355,215,570
562,656,1218
878,489,1367
1054,169,1223
333,234,567
561,713,1274
915,768,1683
1046,175,1221
331,217,548
536,738,1274
932,329,1261
1068,171,1239
349,176,525
517,447,964
663,431,1094
1074,215,1289
399,272,671
619,752,1371
974,644,1618
1085,105,1190
300,139,439
497,956,1453
1189,517,1706
1069,138,1207
317,176,493
518,642,1160
859,603,1462
1066,188,1254
364,240,604
579,755,1334
969,473,1442
1053,138,1191
301,175,476
501,619,1120
820,675,1495
1079,105,1184
294,155,449
507,752,1259
979,660,1639
1038,138,1176
286,123,409
434,430,864
616,71,687
1080,162,1242
352,194,546
547,655,1202
883,499,1382
1060,170,1230
340,149,489
482,594,1076
802,566,1368
1059,178,1237
347,238,585
570,648,1218
855,466,1321
1069,142,1211
321,179,500
521,928,1449
1145,587,1732
1046,138,1184
294,171,465
490,626,1116
820,506,1326
1062,138,1200
310,172,482
507,712,1219
922,495,1417
1070,140,1210
320,186,506
529,582,1111
800,521,1321
1068,140,1208
318,224,542
565,609,1174
825,269,1094
1060,150,1210
320,219,539
552,752,1304
960,488,1448
1077,241,1318
428,294,722
644,873,1517
1098,932,2030
1051,156,1207
317,149,466
473,525,998
724,504,1228
1059,138,1197
307,172,479
504,926,1430
1133,434,1567
1050,156,1206
316,157,473
480,494,974
692,449,1141
1045,124,1169
279,189,468
507,385,892
578,348,926
1067,109,1176
286,141,427
481,507,988
722,445,1167
1060,192,1252
362,355,717
688,814,1502
1022,740,1762
1058,171,1229
339,222,561
553,719,1272
925,657,1582
1058,113,1171
281,121,402
452,575,1027
781,544,1325
1071,159,1230
340,176,516
520,543,1063
762,598,1360
1070,113,1183
293,123,416
466,696,1162
914,654,1568
1058,149,1207
317,144,461
475,657,1132
863,364,1227
1053,167,1220
330,176,506
502,598,1100
799,566,1365
1091,160,1251
361,240,601
604,688,1292
927,467,1394
1053,167,1220
330,214,544
540,740,1280
941,827,1768
1060,109,1169
279,117,396
450,566,1016
774,540,1314
1079,222,1301
411,274,685
626,464,1090
691,361,1052
1056,113,1169
279,119,398
448,508,956
712,499,1211
1066,140,1206
316,191,507
530,586,1116
800,387,1187
1055,156,1211
321,177,498
505,413,918
616,337,953
1059,160,1219
329,184,513
516,664,1180
871,570,1441
1053,138,1191
301,183,484
509,674,1183
875,424,1299
1067,109,1176
286,131,417
471,548,1019
763,512,1275
1052,178,1230
340,226,566
551,662,1213
862,519,1381
1075,113,1188
298,122,420
470,658,1128
881,610,1491
1049,155,1204
314,214,528
536,533,1069
730,409,1139
1076,113,1189
299,130,429
479,619,1098
843,600,1443
1098,138,1236
346,129,475
500,538,1038
784,520,1304
1074,184,1258
368,194,562
541,894,1435
1116,884,2000
1074,184,1258
368,190,558
537,915,1452
1137,867,2004
1054,140,1194
304,202,506
529,745,1274
947,720,1667
1064,139,1203
313,201,514
538,592,1130
804,441,1245
1060,172,1232
342,208,550
541,467,1008
675,415,1090
1056,109,1165
275,107,382
436,543,979
747,541,1288
1064,243,1307
417,287,704
624,745,1369
957,705,1662
1079,193,1272
382,219,601
571,981,1552
1208,497,1705
1054,155,1209
319,175,494
502,570,1072
772,532,1304
1048,142,1190
300,148,448
469,534,1003
730,497,1227
1074,184,1258
368,219,587
566,774,1340
996,801,1797
1046,200,1246
356,218,574
537,595,1132
789,455,1244
1057,178,1235
345,230,575
560,729,1289
934,543,1477
1066,171,1237
347,254,601
593,716,1309
930,469,1399
1055,224,1279
389,238,627
566,705,1271
908,600,1508
1066,167,1233
343,165,508
504,478,982
692,451,1143
1063,138,1201
311,140,451
476,592,1068
803,549,1352
1049,163,1212
322,151,473
473,522,995
719,490,1209
1051,142,1193
303,162,465
486,656,1142
855,329,1184
1067,170,1237
347,187,534
527,725,1252
940,679,1619
1063,166,1229
339,196,535
532,673,1205
884,463,1347
1061,162,1223
333,203,536
537,503,1040
712,128,840
1060,137,1197
307,173,480
506,563,1069
771,74,845
1050,170,1220
330,204,534
527,414,941
612,357,969
1060,142,1202
312,170,482
503,1027,1530
1235,649,1884
1076,148,1224
334,168,502
517,581,1098
805,556,1361
1065,109,1174
284,155,439
493,707,1200
920,509,1429
1069,140,1209
319,205,524
547,750,1297
967,379,1346
1078,109,1187
297,179,476
530,453,983
679,359,1038
1077,104,1181
291,117,408
467,570,1037
795,585,1380
1069,138,1207
317,177,494
519,558,1077
775,430,1205
1055,171,1226
336,229,565
557,839,1396
1042,346,1388
1053,138,1191
301,164,465
490,541,1031
698,389,1087
1072,176,1248
359,260,619
606,1215,1821
1435,684,2119
1079,108,1187
254,156,410
465,487,952
714,437,1151
1026,165,1191
346,169,515
468,662,1130
880,625,1505
1061,112,1173
240,172,412
463,854,1317
1019,355,1374
1053,127,1180
335,191,526
518,675,1193
876,665,1541
1018,127,1145
256,160,416
452,640,1092
806,485,1291
1050,161,1211
322,130,452
498,716,1214
914,313,1227
1074,104,1178
245,143,388
447,886,1333
1064,673,1737
1066,141,1207
318,187,505
527,465,992
635,398,1033
1012,138,1150
261,200,461
486,678,1164
838,540,1378
1001,163,1164
1050,241,1291
402,310,712
678,698,1376
896,585,1481
1030,155,1185
296,152,448
456,311,767
489,332,821
1022,141,1163
274,174,448
470,815,1285
985,236,1221
1012,108,1120
231,138,369
424,474,898
634,437,1071
1001,163,1164
319,165,484
440,613,1053
762,491,1253
1033,161,1194
305,194,499
501,704,1205
885,545,1430
1077,208,1285
352,234,586
541,1089,1630
1270,739,2009
1080,192,1272
339,238,577
548,878,1426
1062,658,1720
1022,108,1130
241,113,354
409,582,991
752,515,1267
1031,108,1139
250,154,404
459,582,1041
805,479,1284
1035,108,1143
254,147,401
500,452,952
635,425,1060
1011,170,1181
292,188,480
473,694,1167
853,646,1499
1010,108,1118
229,117,346
445,506,951
664,187,851
1028,170,1198
309,245,554
547,440,987
660,401,1061
1044,112,1156
267,165,432
483,713,1196
905,700,1605
1025,127,1152
263,173,436
472,910,1382
1083,509,1592
1008,132,1140
251,147,398
429,826,1255
982,526,1508
1014,137,1151
262,179,441
467,454,921
616,404,1020
996,157,1153
264,252,516
522,835,1357
979,458,1437
1019,112,1131
286,172,458
465,763,1228
930,730,1660
994,155,1149
260,224,484
492,461,953
603,363,966
1018,127,1145
256,186,442
478,637,1115
803,531,1334
1005,112,1117
228,122,350
401,499,900
652,453,1105
1025,103,1128
239,131,370
430,593,1023
766,374,1140
1016,190,1206
317,198,515
488,837,1325
1001,658,1659
1054,161,1215
326,244,570
572,783,1355
985,539,1524
1044,136,1180
291,197,488
515,675,1190
867,476,1343
1021,183,1204
315,253,568
548,987,1535
1156,617,1773
1013,141,1154
265,161,426
448,388,836
549,369,918
1070,127,1197
264,186,450
486,495,981
669,312,981
1024,108,1132
287,147,434
445,685,1130
857,514,1371
1015,139,1154
309,204,513
493,447,940
610,320,930
1019,164,1183
294,231,525
524,963,1487
1130,682,1812
1004,172,1176
287,216,503
494,717,1211
869,449,1318
1024,179,1203
314,207,521
505,821,1326
1037,740,1777
1010,112,1122
233,125,358
409,632,1041
790,622,1412
1019,137,1156
267,146,413
439,526,965
693,453,1146
1021,165,1186
297,231,528
570,1290,1860
1459,733,2192
1024,139,1163
274,177,451
475,1013,1488
1185,665,1850
1002,199,1201
312,219,531
495,773,1268
923,697,1620
1026,112,1138
249,166,415
466,777,1243
951,554,1505
1020,137,1157
268,175,443
469,652,1121
820,650,1470
1028,161,1189
300,179,479
481,818,1299
994,501,1495
1016,141,1157
268,180,448
470,759,1229
923,582,1505
1014,148,1162
273,174,447
462,559,1021
765,482,1247
1051,156,1207
318,161,479
442,617,1059
772,575,1347
1028,172,1200
311,269,580
571,704,1275
880,417,1297
1022,165,1187
298,172,470
468,1044,1512
1214,633,1847
1020,166,1186
341,183,524
521,577,1098
745,559,1304
1030,112,1142
253,152,405
456,594,1050
772,524,1296
1032,179,1211
322,299,621
605,762,1367
942,648,1590
1001,157,1158
269,219,488
494,419,913
568,368,936
1020,137,1157
268,166,434
460,549,1009
717,377,1094
1022,108,1130
241,146,387
442,742,1184
912,588,1500
1021,169,1190
301,209,510
504,706,1210
875,568,1443
1024,112,1136
247,165,412
463,963,1426
1135,492,1627
1016,185,1201
356,182,538
472,679,1151
843,589,1432
1030,247,1277
388,266,654
570,823,1393
1001,623,1624
1026,108,1134
245,154,399
454,446,900
620,335,955
1036,241,1277
388,260,648
570,992,1562
1176,1006,2182
1016,166,1182
293,182,475
472,505,977
669,421,1090
1007,137,1144
255,169,424
450,772,1222
927,468,1395
1023,137,1160
315,153,468
450,551,1001
722,472,1194
1023,161,1184
295,216,511
513,634,1147
805,279,1084
1033,208,1241
352,224,576
531,718,1249
899,757,1656
1016,183,1199
310,195,505
485,1086,1571
1250,679,1929
1014,173,1187
298,226,524
514,908,1422
1070,527,1597
1026,108,1134
245,140,385
440,573,1013
747,553,1300
1021,112,1133
244,161,405
456,643,1099
812,519,1331
1033,184,1217
328,230,558
537,610,1147
791,472,1263
1020,141,1161
272,170,442
464,598,1062
766,542,1308
1026,166,1192
303,191,494
491,500,991
674,564,1238
1041,112,1153
264,184,448
499,719,1218
908,532,1440
1015,139,1154
265,129,394
418,872,1290
1035,553,1588
1013,177,1190
301,221,522
508,918,1426
1079,607,1686
1014,137,1151
262,173,435
461,622,1083
784,401,1185
1007,132,1139
250,165,415
446,730,1176
885,470,1355
1010,112,1122
233,171,404
455,473,928
631,419,1050
1060,165,1225
292,225,517
515,802,1317
966,806,1772
1010,177,1187
298,228,526
512,487,999
645,428,1073
1014,161,1175
286,191,477
479,838,1317
1000,907,1907
1044,158,1202
313,232,545
550,558,1108
750,471,1221
1031,155,1186
297,187,484
492,683,1175
862,667,1529
1015,157,1172
283,210,493
499,650,1149
813,679,1492
1011,172,1183
294,215,509
500,781,1281
940,699,1639
1013,137,1150
261,161,422
448,764,1212
925,359,1284
1024,112,1136
247,163,410
461,705,1166
877,418,1295
1043,161,1204
315,333,648
650,782,1432
973,1022,1995
1016,154,1170
281,156,437
446,364,810
528,340,868
1026,187,1213
324,227,551
527,890,1417
1064,544,1608
1001,196,1197
308,165,473
440,510,950
659,97,756
1036,137,1173
284,189,473
499,975,1474
1159,567,1726
1036,137,1173
284,146,430
456,547,1003
731,487,1218
1008,159,1167
278,162,440
444,516,960
672,508,1180
1031,137,1168
279,138,417
443,552,995
731,516,1247
1004,190,1194
305,217,522
495,764,1259
916,499,1415
1015,158,1173
284,194,478
483,529,1012
692,485,1177
1002,112,1114
225,116,341
392,469,861
619,440,1059
1060,154,1214
281,183,464
473,612,1085
776,651,1427
1025,128,1153
264,113,377
412,499,911
672,474,1146
1005,112,1117
228,118,346
397,515,912
668,511,1179
1031,108,1139
250,116,366
421,550,971
729,516,1245
1031,191,1222
333,193,526
498,711,1209
890,694,1584
1028,158,1186
297,262,559
564,527,1091
703,391,1094
1010,139,1149
260,152,412
436,532,968
690,563,1253
990,191,1181
292,171,463
435,406,841
544,356,900
1010,108,1118
229,114,343
398,490,888
648,448,1096
1029,166,1195
306,171,477
474,386,860
563,373,936
1010,139,1149
260,163,423
447,875,1322
1033,584,1617
1029,112,1141
252,165,417
468,1039,1507
1216,688,1904
1014,206,1220
331,253,584
541,644,1185
806,692,1498
1040,157,1197
308,190,498
504,527,1031
715,491,1206
1040,155,1195
306,219,525
533,878,1411
1066,732,1798
1034,112,1146
257,171,428
479,974,1453
1156,630,1786
1029,104,1133
244,142,386
445,607,1052
784,507,1291
1023,112,1135
246,165,411
462,738,1200
909,648,1557
1028,170,1198
309,194,503
496,618,1114
794,241,1035
1012,163,1175
286,185,471
471,787,1258
947,972,1919
1028,141,1169
280,171,451
473,654,1127
830,502,1332
1001,105,1106
217,131,348
406,351,757
500,307,807
1021,157,1178
289,310,599
605,1245,1850
1414,688,2102
1016,169,1185
296,199,495
489,800,1289
964,432,1396
1017,108,1125
236,135,371
426,569,995
734,416,1150
1025,166,1191
302,311,613
610,1083,1693
1256,724,1980
1053,112,1165
276,139,415
466,548,1014
749,541,1290
1041,141,1182
293,185,478
500,743,1243
932,681,1613
1023,139,1162
273,154,427
451,780,1231
951,481,1432
1041,112,1153
264,161,425
476,756,1232
945,704,1649
996,155,1151
262,187,449
457,648,1105
792,410,1202
1029,108,1137
248,104,352
407,533,940
710,451,1161
998,128,1126
237,208,445
480,836,1316
982,316,1298
1031,126,1157
268,205,473
510,679,1189
858,525,1383
1003,137,1140
251,166,417
443,875,1318
1026,428,1454
1020,137,1157
268,192,460
486,449,935
617,351,968
1010,112,1122
233,123,356
407,476,883
634,544,1178
1027,163,1190
301,161,462
462,673,1135
848,704,1552
1002,155,1157
268,175,443
451,486,937
636,335,971
1017,108,1125
236,157,393
448,503,951
668,362,1030
1032,241,1273
384,282,666
588,977,1565
1157,634,1791
1011,138,1149
260,190,450
475,660,1135
819,504,1323
1021,183,1204
315,172,487
467,1131,1598
1300,801,2101
1031,137,1168
279,185,464
490,421,911
600,360,960
1018,127,1145
256,174,430
466,749,1215
915,247,1162
1010,112,1122
233,122,355
406,593,999
751,228,979
1006,155,1161
272,133,405
413,587,1000
741,563,1304
1023,169,1192
303,152,455
449,736,1185
907,739,1646
1030,108,1138
249,157,406
461,819,1280
997,523,1520
1030,112,1142
253,160,413
464,843,1307
1021,579,1600
1009,137,1146
257,197,454
480,768,1248
925,696,1621
1049,137,1186
297,181,478
504,685,1189
882,559,1441
1033,158,1191
302,203,505
510,975,1485
1156,517,1673
1025,112,1137
248,132,380
431,560,991
733,546,1279
1012,112,1124
235,141,376
427,568,995
728,505,1233
990,138,1128
239,201,440
465,886,1351
1024,456,1480
1031,155,1186
297,192,489
497,970,1467
1149,605,1754
1003,137,1140
251,158,409
435,648,1083
799,598,1397
1009,108,1117
228,142,370
425,497,922
654,419,1073
1018,165,1183
294,164,458
456,773,1229
939,627,1566
1024,108,1132
243,143,386
441,572,1013
744,408,1152
1026,108,1134
245,171,416
471,571,1042
745,237,982
1018,104,1122
233,118,351
410,573,983
739,390,1129
1014,166,1180
291,160,451
448,576,1024
738,525,1263
1015,127,1142
253,192,445
481,571,1052
734,416,1150
1016,162,1178
289,147,436
437,567,1004
731,515,1246
1025,174,1199
310,189,499
488,707,1195
880,412,1292
1036,157,1193
304,234,538
544,1083,1627
1267,567,1834
998,137,1135
246,191,437
463,817,1280
963,413,1376
1026,108,1134
245,160,405
460,972,1432
1146,564,1710
1030,240,1270
381,259,640
563,931,1494
1109,562,1671
994,137,1131
242,122,364
390,388,778
530,359,889
1026,108,1134
245,142,387
442,412,854
586,434,1020
1044,108,1152
263,157,420
475,758,1233
950,540,1490
1045,108,1153
264,158,422
477,682,1159
875,494,1369
990,108,1098
209,160,369
424,459,883
597,348,945
1008,177,1185
296,222,518
504,583,1087
739,332,1071
1023,183,1206
317,258,575
555,1301,1856
1472,899,2371
1013,136,1149
260,137,397
424,478,902
639,439,1078
1033,112,1145
256,152,408
459,682,1141
863,657,1520
1014,177,1191
302,212,514
500,752,1252
914,396,1310
1054,178,1232
343,155,498
483,646,1129
848,642,1490
1050,112,1162
273,133,406
457,632,1089
830,606,1436
1030,231,1261
372,236,608
540,780,1320
958,642,1600
1042,112,1154
265,154,419
470,580,1050
770,415,1185
1029,161,1190
301,233,534
536,761,1297
938,648,1586
1021,137,1158
269,166,435
461,641,1102
810,575,1385
1013,183,1196
307,187,494
474,550,1024
711,480,1191
1007,212,1219
330,269,599
550,662,1212
817,581,1398
1032,158,1190
301,207,508
513,1033,1546
1213,700,1913
1018,161,1179
290,213,503
505,818,1323
984,278,1262
1030,231,1261
372,219,591
523,689,1212
867,696,1563
1027,137,1164
275,178,453
479,597,1076
772,471,1243
1020,169,1189
300,193,493
487,831,1318
999,484,1483
1033,112,1145
256,149,405
456,561,1017
742,494,1236
1001,150,1151
262,144,406
419,408,827
557,326,883
1019,172,1191
302,211,513
504,628,1132
795,580,1375
1044,165,1209
320,151,471
469,827,1296
1019,777,1796
1021,141,1162
273,194,467
489,610,1099
779,454,1233
1030,132,1162
273,149,422
453,584,1037
762,538,1300
1011,137,1148
259,165,424
1044,112,1156
267,167,434
485,810,1295
1046,516,1562
1021,141,1162
273,169,442
464,806,1270
975,418,1393
1030,158,1188
299,194,493
498,759,1257
937,622,1559
1011,137,1148
259,161,420
446,619,1065
778,342,1120
1012,112,1124
235,116,351
402,557,959
717,535,1252
1022,108,1130
241,119,360
415,462,877
632,433,1065
1002,137,1139
250,123,373
399,443,842
593,446,1039
1025,112,1137
248,142,390
441,446,887
619,431,1050
1020,166,1186
297,218,515
512,808,1320
976,394,1370
1012,141,1153
264,193,457
479,583,1062
743,444,1187
1007,137,1144
255,166,421
447,851,1298
1006,583,1589
1025,158,1183
294,227,521
526,779,1305
952,456,1408
1002,108,1110
221,161,382
437,557,994
707,425,1132
1020,231,1251
362,214,576
508,810,1318
978,600,1578
1049,103,1152
263,178,441
501,447,948
644,382,1026
1017,108,1125
236,100,336
391,557,948
722,566,1288
1030,201,1231
342,215,557
519,718,1237
896,394,1290
1033,167,1200
311,175,486
482,856,1338
1037,499,1536
1041,112,1153
264,197,461
512,694,1206
883,451,1334
1038,170,1208
319,285,604
597,1314,1911
1500,688,2188
1000,165,1165
276,189,465
463,789,1252
937,426,1363
1012,164,1176
287,209,496
495,696,1191
856,527,1383
1030,183,1213
324,225,549
529,745,1274
923,561,1484
1022,108,1130
241,154,395
450,499,949
669,382,1051
1012,154,1166
277,145,422
431,583,1014
743,547,1290
1033,170,1203
314,251,565
558,699,1257
880,703,1583
1032,170,1202
313,206,519
512,824,1336
1004,757,1761
1036,192,1228
339,218,557
528,617,1145
801,413,1214
1040,137,1177
288,142,430
456,566,1022
754,564,1318
1028,161,1189
344,229,573
531,579,1110
755,533,1288
1011,137,1148
259,150,409
435,468,903
627,433,1060
1025,137,1162
273,171,444
470,966,1436
1139,592,1731
1006,186,1192
303,284,587
564,689,1253
843,307,1150
1041,112,1153
264,155,419
470,564,1034
753,586,1339
1015,166,1181
292,204,496
493,554,1047
717,481,1198
1041,207,1248
359,243,602
558,992,1550
1181,962,2143
1021,165,1186
297,215,512
510,823,1333
992,708,1700
1007,137,1144
255,138,393
419,661,1080
816,354,1170
1020,108,1128
239,164,403
458,801,1259
969,558,1527
1002,190,1192
303,218,521
494,488,982
638,423,1061
1030,183,1213
324,208,532
512,797,1309
975,734,1709
1026,108,1134
245,156,401
456,625,1081
799,394,1193
1033,136,1169
280,193,473
500,985,1485
1166,532,1698
998,141,1139
250,204,454
476,425,901
571,335,906
1024,108,1132
243,146,389
444,644,1088
816,524,1340
1016,170,1186
297,175,472
465,856,1321
1020,404,1424
1041,112,1153
264,151,415
466,680,1146
869,486,1355
1021,187,1208
319,170,489
465,922,1387
1091,716,1807
1019,190,1209
320,278,598
571,1217,1788
1384,848,2232
1008,132,1140
251,115,366
397,423,820
579,331,910
1029,108,1137
248,127,375
430,527,957
704,498,1202
1016,178,1194
305,242,547
532,555,1087
719,475,1194
1033,170,1203
314,208,522
515,728,1243
909,555,1464
1015,159,1174
285,157,442
446,520,966
683,477,1160
1004,112,1116
227,141,368
419,528,947
680,538,1218
1029,108,1137
292,151,443
454,507,961
684,436,1120
1034,112,1146
257,160,417
468,724,1192
906,440,1346
1020,161,1181
292,229,521
523,1223,1746
1391,878,2269
1019,137,1156
267,177,444
470,793,1263
960,496,1456
1018,104,1122
233,104,337
396,519,915
685,538,1223
1026,132,1158
269,157,426
457,681,1138
855,615,1470
1015,154,1169
280,197,477
486,568,1054
731,458,1189
1020,155,1175
286,183,469
477,489,966
657,471,1128
1006,137,1143
254,140,394
464,499,963
653,472,1125
1035,141,1176
287,191,478
500,1123,1623
1306,620,1926
1020,108,1128
239,158,397
452,454,906
622,322,944
1030,127,1157
268,194,462
498,533,1031
711,388,1099
1014,172,1186
297,211,508
499,455,954
617,390,1007
1027,161,1188
299,221,520
522,733,1255
908,368,1276
1012,182,1194
305,230,535
516,1079,1595
1239,516,1755
1011,241,1252
363,272,635
557,545,1102
704,244,948
1015,137,1152
263,129,392
418,527,945
690,498,1188
1027,166,1193
304,226,530
527,734,1261
909,556,1465
1010,169,1179
290,184,474
468,605,1073
763,397,1160
1020,154,1174
285,228,513
522,513,1035
681,431,1112
1005,112,1117
228,117,345
396,604,1000
757,599,1356
1013,128,1141
252,117,369
404,589,993
750,548,1298
1020,108,1128
239,149,388
443,782,1225
950,429,1379
1009,137,1146
257,184,441
467,831,1298
988,406,1394
1030,137,1167
278,174,452
478,543,1021
721,510,1231
1021,203,1224
335,268,603
563,429,992
598,320,918
1056,179,1235
346,223,569
553,677,1230
881,686,1567
1023,141,1164
275,175,450
472,807,1279
978,460,1438
1027,195,1222
333,212,545
513,742,1255
917,577,1494
1002,137,1139
250,162,412
438,984,1422
1178,528,1706
1011,152,1163
274,230,504
515,960,1475
1119,834,1953
1015,159,1174
285,238,523
527,764,1291
927,480,1407
1026,108,1134
245,133,378
433,567,1000
741,516,1257
1021,141,1162
273,200,473
495,648,1143
817,407,1224
1025,141,1166
277,208,485
507,847,1354
1020,418,1438
1021,166,1187
298,180,478
475,704,1179
873,612,1485
1019,132,1151
262,180,442
473,669,1142
836,463,1299
1024,112,1136
247,164,411
462,525,987
697,484,1181
1018,137,1155
266,168,434
460,675,1135
841,547,1388
1013,136,1149
260,179,439
466,810,1276
971,463,1434
1021,108,1129
240,114,354
409,531,940
700,485,1185
1022,136,1158
269,210,479
506,493,999
663,418,1081
1026,166,1192
303,138,441
438,408,846
582,532,1114
1018,172,1190
301,273,574
565,920,1485
1086,464,1550
1035,161,1196
307,195,502
504,358,862
541,396,937
1043,161,1204
315,181,496
498,738,1236
929,346,1275
1033,221,1254
365,264,629
571,666,1237
847,559,1406
1019,172,1191
302,260,562
553,690,1243
857,526,1383
1051,137,1188
255,159,414
440,866,1306
1021,729,1750
1018,161,1179
290,169,459
461,607,1068
773,564,1337
1030,183,1213
324,207,531
511,765,1276
943,661,1604
1041,190,1231
342,287,629
602,1119,1721
1308,548,1856
1030,137,1167
278,146,424
450,602,1052
780,645,1425
1018,172,1190
301,308,609
600,843,1443
1009,807,1816
1033,209,1242
353,218,571
525,950,1475
1131,767,1898
996,112,1108
219,121,340
391,520,911
664,513,1177
1027,159,1186
297,213,510
514,753,1267
928,588,1516
1028,137,1165
276,163,439
465,1064,1529
1240,532,1772
1043,190,1233
344,318,662
635,712,1347
903,742,1645
1016,141,1157
268,182,450
472,657,1129
821,497,1318
1027,159,1186
297,201,498
502,961,1463
1136,517,1653
1003,194,1197
308,253,561
530,670,1200
821,655,1476
1015,163,1178
289,181,470
470,508,978
671,487,1158
1014,137,1151
262,167,429
455,866,1321
1028,476,1504
1014,112,1126
237,118,355
406,567,973
729,537,1266
1047,174,1221
332,191,523
512,1084,1596
1279,645,1924
1016,178,1194
305,225,530
515,785,1300
949,467,1416
998,137,1135
246,166,412
438,725,1163
871,493,1364
1013,183,1196
307,169,476
456,517,973
678,479,1157
1030,201,1231
342,210,552
514,879,1393
1057,447,1504
1015,132,1147
258,153,411
442,606,1048
769,565,1334
1033,221,1254
365,240,605
547,1002,1549
1183,568,1751
1029,108,1137
248,117,365
420,477,897
654,525,1179
1028,173,1201
312,180,492
482,474,956
650,546,1196
1008,137,1145
256,185,441
467,776,1243
932,392,1324
1033,112,1145
256,170,426
477,717,1194
898,577,1475
1033,112,1145
256,165,421
472,755,1227
936,555,1491
1023,187,1210
321,160,481
457,919,1376
1090,730,1820
1023,161,1184
295,177,472
474,533,1007
704,387,1091
1023,165,1188
299,209,508
506,935,1441
1106,632,1738
1018,104,1122
233,146,379
438,658,1096
824,605,1429
996,137,1133
244,184,428
454,631,1085
775,439,1214
1015,108,1123
234,123,357
412,536,948
699,495,1194
1035,163,1198
309,246,555
555,684,1239
867,156,1023
1015,112,1127
238,193,431
482,731,1213
894,618,1512
1024,141,1165
276,189,465
487,971,1458
1143,472,1615
1003,137,1140
251,209,460
486,418,904
569,296,865
1032,108,1140
251,151,402
457,688,1145
868,400,1268
1012,112,1124
235,132,367
418,497,915
657,449,1106
1018,104,1122
233,151,384
443,513,956
723,360,1083
1026,112,1138
249,153,402
453,571,1024
745,453,1198
1019,112,1131
242,166,408
459,594,1053
761,487,1248
1002,137,1139
250,118,368
394,555,949
705,195,900
1017,169,1186
297,146,443
437,697,1134
862,946,1808
1033,112,1145
256,125,381
432,660,1092
841,623,1464
1013,141,1154
265,191,456
478,906,1384
1067,533,1600
1006,137,1143
254,181,435
461,534,995
688,374,1062
1011,166,1177
288,179,467
464,595,1059
754,607,1361
1010,163,1173
284,328,612
612,925,1537
1083,464,1547
1001,112,1113
224,176,400
451,457,908
606,301,907
1010,136,1146
257,212,469
496,628,1124
786,502,1288
1007,169,1176
287,201,488
482,430,912
585,308,893
1008,132,1140
251,177,428
459,844,1303
1000,237,1237
1022,169,1191
302,185,487
481,810,1291
980,421,1401
1016,139,1155
266,198,464
488,761,1249
925,513,1438
1028,172,1200
311,244,555
546,461,1007
637,366,1003
1019,112,1131
242,136,378
429,656,1085
823,603,1426
1028,231,1259
370,253,623
555,841,1396
1017,643,1660
1014,140,1154
265,190,455
478,500,978
662,446,1108
1033,112,1145
256,168,424
475,723,1198
904,470,1374
1016,143,1159
270,179,449
469,785,1254
949,765,1714
1019,112,1131
242,116,358
409,624,1033
791,611,1402
1019,168,1187
298,197,495
490,905,1395
1072,902,1974
1001,169,1170
281,195,476
470,875,1345
1024,533,1557
1017,108,1125
236,103,339
394,566,960
731,497,1228
1011,177,1188
299,250,549
535,505,1040
664,357,1021
1019,108,1127
238,151,389
444,934,1378
1101,396,1497
1026,112,1138
249,166,415
466,838,1304
1012,455,1467
1023,112,1135
246,175,421
472,866,1338
1037,481,1518
1041,112,1153
264,174,438
489,889,1378
1078,525,1603
1014,155,1169
280,192,472
480,777,1257
939,436,1375
1029,166,1195
306,205,511
508,1114,1622
1291,599,1890
1036,241,1277
388,260,648
570,914,1484
1098,939,2037
1049,166,1215
326,198,524
521,691,1212
888,431,1319
1002,137,1139
250,139,389
415,424,839
574,395,969
1033,231,1264
375,270,645
577,700,1277
881,659,1540
1022,137,1159
270,168,438
464,748,1212
918,428,1346
1030,137,1167
278,168,446
472,765,1237
943,466,1409
1027,112,1139
250,167,417
468,652,1120
827,546,1373
1009,155,1164
275,190,465
473,714,1187
871,551,1422
1031,159,1190
301,148,449
453,763,1216
942,618,1560
1012,162,1174
285,221,506
507,683,1190
843,507,1350
1008,155,1163
274,171,445
453,615,1068
771,431,1202
1033,112,1145
256,164,420
471,800,1271
981,653,1634
1014,160,1174
285,203,488
491,733,1224
895,628,1523
1041,112,1153
264,151,415
466,660,1126
849,585,1434
1024,139,1163
274,282,556
580,858,1438
1030,763,1793
1026,127,1153
264,185,449
485,692,1177
866,488,1354
1014,112,1126
237,119,356
407,603,1010
765,75,840
1002,137,1139
250,121,371
397,545,942
695,550,1245
1033,158,1191
302,233,535
540,1029,1569
1210,677,1887
1017,169,1186
297,150,447
441,743,1184
908,384,1292
1014,164,1178
289,228,517
516,722,1238
884,546,1430
1028,108,1136
247,143,390
445,660,1105
836,501,1337
1016,208,1224
335,228,563
518,978,1496
1142,519,1661
1016,208,1224
335,264,599
554,735,1289
899,708,1607
1030,112,1142
253,161,414
465,667,1132
845,532,1377
1034,108,1142
253,167,420
475,828,1303
1010,491,1501
996,155,1151
262,142,404
412,530,942
674,499,1173
1003,137,1140
251,169,420
446,599,1045
750,434,1184
990,108,1098
209,116,325
380,374,754
512,339,851
1019,112,1131
242,172,414
465,691,1156
858,489,1347
1021,183,1204
315,233,548
528,1075,1603
1244,682,1926
1013,141,1154
265,158,423
445,524,969
685,512,1197
1031,192,1223
334,186,520
491,699,1190
878,717,1595
1022,166,1188
299,139,438
435,414,849
584,516,1100
1020,108,1128
239,147,386
441,948,1389
1116,524,1640
1026,108,1134
245,159,404
459,476,935
650,333,983
1005,132,1137
248,134,382
413,446,859
599,408,1007
1025,112,1137
248,124,372
423,601,1024
774,519,1293
1008,155,1163
274,163,437
445,520,965
676,478,1154
1018,137,1155
266,163,429
455,620,1075
786,538,1324
1038,132,1170
281,148,429
460,543,1003
729,488,1217
1037,190,1227
338,198,536
509,745,1254
930,743,1673
1008,179,1187
298,195,493
477,512,989
668,504,1172
1008,137,1145
256,172,428
454,990,1444
1146,614,1760
1015,139,1154
265,159,424
448,837,1285
1000,476,1476
1019,112,1131
242,157,399
450,658,1108
825,460,1285
1003,183,1186
297,205,502
482,494,976
645,465,1110
1014,136,1150
261,181,442
469,507,976
669,397,1066
1041,112,1153
264,158,422
473,477,950
666,382,1048
1004,166,1170
281,227,508
505,1430,1935
1582,918,2500
1018,104,1122
233,156,389
448,392,840
558,348,906
1031,137,1168
279,189,468
494,430,924
609,539,1148
1009,132,1141
252,147,399
430,757,1187
914,355,1269
996,108,1104
215,110,325
380,461,841
605,422,1027
1008,132,1140
251,173,424
455,925,1380
1081,547,1628
1025,166,1191
302,151,453
450,459,909
632,340,972
1019,159,1178
289,165,454
458,476,934
643,458,1101
1001,112,1113
224,166,390
441,563,1004
712,289,1001
1022,141,1163
274,129,403
425,629,1054
799,95,894
1008,155,1163
274,151,425
433,538,971
694,542,1236
1007,163,1170
281,329,610
610,669,1279
824,152,976
1008,137,1145
256,179,435
461,932,1393
1088,440,1528
1031,155,1186
297,205,502
510,757,1267
936,333,1269
1022,187,1209
320,179,499
475,686,1161
856,676,1532
1004,191,1195
306,173,479
451,559,1010
711,519,1230
1038,108,1146
257,117,374
429,504,933
690,390,1080
1005,112,1117
228,180,408
459,620,1079
773,449,1222
1034,112,1146
257,171,428
479,898,1377
1080,597,1677
1054,161,1215
326,218,544
546,687,1233
889,625,1514
1016,172,1188
299,225,524
515,571,1086
735,559,1294
1034,158,1192
303,171,474
479,556,1035
738,524,1262
1007,112,1119
230,127,357
408,527,935
682,509,1191
