prompt_tokens,completion_tokens,total_tokens
1075,123,1198
309,150,459
499,389,888
735,438,1173
1101,147,1248
359,153,512
528,486,1014
858,388,1246
1092,111,1203
314,128,442
494,681,1175
1044,344,1388
1097,108,1205
316,120,436
491,695,1186
1063,351,1414
1093,113,1206
317,307,624
674,602,1276
966,338,1304
1106,147,1253
364,250,614
630,605,1235
982,376,1358
1098,96,1194
305,149,454
521,667,1188
1036,462,1498
1078,131,1209
320,166,486
518,668,1186
1017,1005,2022
1099,131,1230
341,244,585
617,506,1123
876,527,1403
1093,128,1221
332,172,504
539,757,1296
1121,503,1624
1102,164,1266
377,195,572
571,475,1046
848,491,1339
1092,114,1206
317,133,450
499,781,1280
1144,356,1500
1080,130,1210
321,141,462
495,750,1245
1101,613,1714
1099,113,1212
323,285,608
658,629,1287
999,308,1307
1081,112,1193
304,131,435
486,662,1148
1014,346,1360
1093,109,1202
313,231,544
598,588,1186
952,346,1298
1086,180,1266
377,176,553
536,489,1025
846,307,1153
1091,114,1205
316,121,437
486,872,1358
1234,821,2055
1080,57,1137
248,60,308
414,758,1172
1109,405,1514
1074,90,1164
275,110,385
458,346,804
691,304,995
1078,111,1189
300,158,458
510,625,1135
974,352,1326
1093,96,1189
300,113,413
480,872,1352
1236,780,2016
1064,108,1172
283,149,432
487,659,1146
994,209,1203
1079,113,1192
303,123,426
476,623,1099
973,488,1461
1099,169,1268
379,160,539
533,704,1237
1074,382,1456
1086,108,1194
305,124,429
484,716,1200
1073,335,1408
1089,142,1231
342,141,483
504,780,1284
1140,490,1630
1080,130,1210
321,187,508
541,564,1105
915,470,1385
1081,112,1193
304,100,404
455,710,1165
1062,433,1495
1102,112,1214
325,134,459
510,410,920
783,398,1181
1097,113,1210
321,314,635
685,551,1236
919,410,1329
1097,92,1189
300,82,382
453,683,1136
1051,674,1725
1099,144,1243
354,205,559
578,714,1292
1084,410,1494
1084,112,1196
307,102,409
460,657,1117
1012,320,1332
1093,169,1262
373,212,585
579,689,1268
1053,392,1445
1078,153,1231
342,168,510
520,788,1308
1137,364,1501
1095,114,1209
320,111,431
480,354,834
720,704,1424
1103,95,1198
309,163,472
540,480,1020
854,430,1284
1104,131,1235
346,293,639
671,580,1251
955,719,1674
1080,57,1137
248,59,307
413,553,966
904,185,1089
1094,93,1187
298,202,500
570,707,1277
1072,372,1444
1102,78,1180
291,160,451
536,471,1007
844,245,1089
1071,135,1206
317,171,488
516,624,1140
966,852,1818
1076,114,1190
301,130,431
480,584,1064
931,432,1363
1074,112,1186
297,145,442
493,656,1149
1001,273,1274
1091,135,1226
337,159,496
524,293,817
655,230,885
1098,128,1226
337,133,470
505,811,1316
1180,484,1664
1075,131,1206
317,175,492
524,1035,1559
1381,484,1865
1097,148,1245
356,244,600
615,665,1280
1033,287,1320
1071,109,1180
291,120,411
465,327,792
669,305,974
1095,147,1242
353,153,506
522,714,1236
1080,308,1388
1081,148,1229
340,237,577
592,682,1274
1034,635,1669
1108,128,1236
347,155,502
537,273,810
652,286,938
1066,112,1178
289,119,408
459,671,1130
1008,337,1345
1075,95,1170
281,138,419
487,454,941
800,385,1185
1089,128,1217
328,165,493
528,461,989
821,268,1089
1075,145,1220
331,146,477
495,447,942
793,410,1203
1098,128,1226
337,166,503
538,683,1221
1052,358,1410
1100,79,1179
290,115,405
489,366,855
737,708,1445
1079,128,1207
318,142,460
495,468,963
818,448,1266
1081,57,1138
249,79,328
434,495,929
847,400,1247
1084,96,1180
291,100,391
458,798,1256
1153,456,1609
1080,128,1208
319,164,483
518,1017,1535
1368,501,1869
1087,79,1166
277,89,366
450,592,1042
950,275,1225
1094,145,1239
350,165,515
533,724,1257
1089,447,1536
1081,79,1160
271,86,357
441,513,954
865,247,1112
1097,147,1244
355,167,522
538,710,1248
1078,485,1563
1084,112,1196
307,119,426
477,417,894
772,402,1174
1074,121,1195
306,131,437
479,608,1087
953,358,1311
1094,145,1239
350,176,526
544,502,1046
867,284,1151
1089,57,1146
257,83,340
446,573,1019
933,261,1194
1086,125,1211
322,150,472
510,463,973
820,414,1234
1094,108,1202
313,152,465
520,704,1224
1069,276,1345
1082,128,1210
321,167,488
523,508,1031
861,428,1289
1085,95,1180
291,123,414
482,571,1053
927,206,1133
1083,91,1174
285,123,408
480,648,1128
1002,342,1344
1110,95,1205
316,180,496
564,629,1193
1010,283,1293
1085,136,1221
332,146,478
505,545,1050
901,426,1327
1083,128,1211
322,143,465
500,395,895
749,296,1045
1068,165,1233
344,162,506
504,614,1118
953,464,1417
1081,113,1194
305,128,433
483,257,740
609,381,990
1076,134,1210
321,147,468
497,379,876
726,368,1094
1080,114,1194
305,146,451
500,448,948
799,298,1097
1094,114,1208
319,166,485
534,247,781
612,292,904
1103,113,1216
327,225,552
602,610,1212
984,319,1303
1077,113,1190
301,149,450
500,665,1165
1013,411,1424
1088,112,1200
311,131,442
493,500,993
859,269,1128
1099,96,1195
306,135,441
508,539,1047
909,405,1314
1094,169,1263
374,207,581
575,486,1061
851,471,1322
1091,109,1200
311,177,488
542,477,1019
839,359,1198
1085,108,1193
304,131,435
490,676,1166
1032,610,1642
1092,96,1188
299,136,435
502,533,1035
896,367,1263
1080,112,1192
303,119,422
473,623,1096
974,260,1234
1089,96,1185
296,111,407
474,766,1240
1126,333,1459
1084,128,1212
323,124,447
482,521,1003
876,302,1178
1099,109,1208
319,140,459
513,750,1263
1120,393,1513
1098,131,1229
340,197,537
569,307,876
676,395,1071
1078,131,1209
320,152,472
504,490,994
839,592,1431
1098,128,1226
337,132,469
504,535,1039
904,500,1404
1080,79,1159
270,82,352
436,603,1039
954,357,1311
1097,129,1226
337,250,587
621,625,1246
993,325,1318
1096,169,1265
376,180,556
550,893,1443
1260,394,1654
1092,146,1238
349,168,517
534,365,899
728,394,1122
1090,147,1237
348,178,526
542,601,1143
962,465,1427
1092,79,1171
282,91,373
457,588,1045
951,323,1274
1098,147,1245
356,197,553
569,411,980
780,392,1172
1092,128,1220
331,157,488
523,680,1203
1043,453,1496
1079,128,1207
318,183,501
536,510,1046
860,267,1127
1083,130,1213
324,157,481
514,634,1148
988,526,1514
1085,128,1213
324,121,445
480,393,873
749,212,961
1086,115,1201
312,161,473
521,688,1209
1045,416,1461
1064,92,1156
267,74,341
412,670,1082
1005,444,1449
1085,148,1233
344,238,582
597,784,1381
1140,431,1571
1084,112,1196
307,143,450
501,549,1050
904,317,1221
1079,112,1191
302,160,462
513,657,1170
1007,298,1305
1095,142,1237
348,164,512
533,398,931
764,406,1170
1087,113,1200
311,141,452
502,512,1014
870,317,1187
1092,113,1205
316,156,472
522,646,1168
1009,458,1467
1108,131,1239
350,169,519
551,366,917
745,320,1065
1095,111,1206
317,166,483
535,538,1073
904,488,1392
1090,93,1183
294,122,416
486,601,1087
962,554,1516
1105,147,1252
363,195,558
574,417,991
793,393,1186
1089,129,1218
329,173,502
536,424,960
784,396,1180
1083,128,1211
322,142,464
499,294,793
648,295,943
1076,93,1169
280,94,374
444,507,951
854,454,1308
1082,112,1194
305,98,403
454,338,792
691,414,1105
1088,112,1200
311,125,436
487,235,722
594,247,841
1067,128,1195
306,131,437
472,662,1134
1000,306,1306
1099,144,1243
354,160,514
533,576,1109
946,447,1393
1089,102,1191
302,119,421
482,219,701
579,266,845
1087,79,1166
277,112,389
473,412,885
770,324,1094
1083,128,1211
322,193,515
550,514,1064
868,245,1113
1103,111,1214
325,219,544
596,720,1316
1094,530,1624
1083,128,1211
322,172,494
529,740,1269
1094,481,1575
1098,129,1227
338,244,582
616,582,1198
951,540,1491
1094,128,1222
333,177,510
545,550,1095
915,369,1284
1090,111,1201
312,133,445
497,721,1218
1082,407,1489
1075,115,1190
301,150,451
499,762,1261
1108,425,1533
1077,112,1189
300,141,441
492,654,1146
1002,341,1343
1087,121,1208
319,150,469
511,605,1116
963,327,1290
1083,128,1211
322,125,447
482,716,1198
1070,521,1591
1079,93,1172
283,84,367
437,588,1025
938,228,1166
1083,79,1162
273,82,355
439,252,691
606,404,1010
1077,128,1205
316,134,450
485,516,1001
864,314,1178
1081,57,1138
249,58,307
413,557,970
909,291,1200
1089,131,1220
331,242,573
605,533,1138
893,678,1571
1075,93,1168
279,106,385
455,664,1119
1010,475,1485
1067,130,1197
308,167,475
508,625,1133
963,460,1423
1097,95,1192
303,157,460
528,556,1084
924,426,1350
1064,92,1156
267,124,391
462,749,1211
1084,654,1738
1103,93,1196
307,184,491
561,559,1120
933,292,1225
1091,114,1205
316,177,493
542,856,1398
1218,459,1677
1066,147,1213
324,158,482
498,386,884
723,236,959
1082,128,1210
321,130,451
486,605,1091
958,406,1364
1096,131,1227
338,130,468
500,692,1192
1059,365,1424
1088,128,1216
327,159,486
521,430,951
789,293,1082
1089,79,1168
279,91,370
454,373,827
733,326,1059
1092,108,1200
311,158,469
524,284,808
647,280,927
1096,111,1207
318,134,452
504,479,983
846,432,1278
1091,169,1260
371,176,547
541,861,1402
1223,657,1880
1083,95,1178
289,109,398
466,559,1025
913,260,1173
1112,108,1220
331,104,435
490,667,1157
1050,380,1430
1092,79,1171
282,118,400
484,291,775
654,250,904
1079,93,1172
283,85,368
438,887,1325
1237,474,1711
1079,114,1193
304,161,465
514,877,1391
1227,410,1637
1106,204,1310
421,215,636
595,465,1060
842,525,1367
1106,142,1248
359,154,513
534,816,1350
1193,380,1573
1070,130,1200
311,147,458
491,508,999
849,328,1177
1079,93,1172
283,136,419
489,441,930
791,395,1186
1090,107,1197
308,140,448
504,602,1106
963,297,1260
1084,130,1214
325,131,456
489,491,980
846,448,1294
1080,128,1208
319,126,445
480,504,984
855,471,1326
1094,114,1208
319,156,475
524,533,1057
898,274,1172
1104,114,1218
329,160,489
538,716,1254
1091,282,1373
1080,112,1192
303,143,446
497,760,1257
1111,306,1417
1090,111,1201
312,122,434
486,583,1069
944,431,1375
1088,79,1167
278,101,379
463,542,1005
901,338,1239
1099,114,1213
324,112,436
485,839,1324
1209,387,1596
1076,145,1221
332,132,464
482,435,917
782,399,1181
1084,128,1212
323,190,513
548,526,1074
881,262,1143
1091,148,1239
350,226,576
591,760,1351
1122,724,1846
1083,145,1228
339,135,474
492,495,987
849,368,1217
1075,113,1188
299,100,399
449,748,1197
1094,411,1505
1098,92,1190
301,120,421
492,584,1076
953,519,1472
1093,148,1241
352,163,515
530,504,1034
868,309,1177
1075,150,1225
336,134,470
483,568,1051
914,448,1362
1081,128,1209
320,134,454
489,670,1159
1022,361,1383
1087,57,1144
255,57,312
1075,105,1180
291,95,386
444,955,1399
1301,503,1804
1081,128,1209
320,150,470
505,747,1252
1099,396,1495
1087,57,1144
255,57,312
418,668,1086
1026,614,1640
1085,144,1229
340,158,498
517,284,801
640,274,914
1080,108,1188
299,126,425
480,863,1343
1214,519,1733
1063,112,1175
286,114,400
451,589,1040
923,455,1378
1102,147,1249
360,177,537
553,540,1093
1063,152,1215
326,154,480
491,520,1011
854,489,1343
1102,112,1214
325,151,476
527,390,917
763,312,1075
1091,111,1202
313,242,555
607,592,1199
954,371,1325
1081,112,1193
304,116,420
471,556,1027
908,243,1151
1098,130,1228
339,155,494
527,590,1117
959,382,1341
1089,95,1184
295,108,403
471,519,990
879,513,1392
1084,128,1212
323,120,443
478,573,1051
928,246,1174
1095,204,1299
410,190,600
559,598,1157
964,298,1262
1078,112,1190
301,140,441
492,528,1020
877,211,1088
1081,144,1225
336,158,494
513,696,1209
1048,212,1260
1089,148,1237
348,175,523
538,589,1127
949,728,1677
1070,131,1201
312,168,480
512,728,1240
1069,400,1469
1095,128,1223
334,144,478
513,686,1199
1052,309,1361
1103,112,1215
326,143,469
520,721,1241
1095,586,1681
1076,93,1169
280,153,433
503,652,1155
999,605,1604
1093,114,1207
318,154,472
521,902,1423
1266,586,1852
1084,134,1218
329,242,571
600,787,1387
1142,407,1549
1085,128,1213
324,145,469
504,812,1316
1168,765,1933
1080,153,1233
344,129,473
483,274,757
625,592,1217
1084,57,1141
252,59,311
417,476,893
831,273,1104
1089,132,1221
332,139,471
502,588,1090
948,299,1247
1079,111,1190
301,120,421
473,705,1178
1055,345,1400
1096,147,1243
354,226,580
596,697,1293
1064,328,1392
1095,108,1203
314,121,435
490,765,1255
1131,348,1479
1097,95,1192
303,238,541
609,647,1256
1015,350,1365
1090,128,1218
329,152,481
516,561,1077
922,138,1060
1084,57,1141
252,59,311
1090,128,1218
329,152,481
516,447,963
808,459,1267
1084,57,1141
252,57,309
415,664,1079
1019,436,1455
1093,114,1207
318,129,447
496,682,1178
1046,402,1448
1097,105,1202
313,135,448
506,999,1505
1367,671,2038
1085,102,1187
298,218,516
577,653,1230
1009,424,1433
1087,147,1234
345,137,482
498,568,1066
926,345,1271
1101,95,1196
307,260,567
635,500,1135
872,374,1246
1088,111,1199
310,135,445
497,561,1058
920,515,1435
1103,169,1272
383,175,558
552,905,1457
1279,572,1851
1080,93,1173
284,117,401
471,629,1100
980,344,1324
1094,95,1189
300,269,569
637,649,1286
1014,237,1251
1067,57,1124
235,70,305
411,663,1074
1001,606,1607
1102,131,1233
344,157,501
533,597,1130
970,333,1303
1091,114,1205
316,123,439
488,574,1062
936,331,1267
1082,128,1210
321,142,463
498,604,1102
957,515,1472
1075,164,1239
350,161,511
510,485,995
831,450,1281
1080,128,1208
319,136,455
490,334,824
685,194,879
1081,128,1209
320,122,442
477,535,1012
887,353,1240
1080,122,1202
313,118,431
472,667,1139
1018,645,1663
1100,113,1213
324,146,470
520,332,852
703,422,1125
1077,153,1230
341,180,521
531,381,912
729,340,1069
1080,128,1208
319,121,440
475,549,1024
900,344,1244
1103,115,1218
329,251,580
628,459,1087
833,402,1235
1094,145,1239
350,165,515
533,441,974
806,479,1285
1106,169,1275
386,168,554
548,497,1045
874,504,1378
1086,129,1215
326,229,555
589,311,900
668,221,889
1062,79,1141
252,117,369
453,618,1071
951,309,1260
1065,96,1161
272,113,385
452,485,937
821,244,1065
1089,96,1185
296,100,396
463,640,1103
1000,304,1304
1093,164,1257
368,172,540
539,599,1138
963,536,1499
1084,114,1198
309,140,449
498,746,1244
1101,343,1444
1089,57,1146
257,58,315
1084,112,1196
307,102,409
460,573,1033
928,412,1340
1089,79,1168
279,83,362
446,942,1388
1302,579,1881
1063,114,1177
288,133,421
470,562,1032
896,516,1412
1093,95,1188
299,122,421
489,605,1094
969,558,1527
1096,180,1276
387,186,573
556,860,1416
1227,433,1660
