prompt_tokens,completion_tokens,total_tokens
1006,131,1137
248,151,399
431,644,1075
921,316,1237
1008,92,1100
211,97,308
379,693,1072
972,489,1461
978,96,1074
185,104,289
356,492,848
741,297,1038
1003,131,1134
245,149,394
426,467,893
741,406,1147
981,96,1077
188,105,293
360,549,909
801,312,1113
976,123,1099
210,118,328
368,469,837
716,307,1023
973,105,1078
189,105,294
352,484,836
728,238,966
1008,92,1100
211,97,308
379,736,1115
1015,532,1547
1005,107,1112
223,99,322
378,693,1071
969,399,1368
989,92,1081
192,117,309
380,533,913
793,298,1091
997,131,1128
239,154,393
425,713,1138
981,371,1352
1005,109,1114
225,123,348
402,330,732
606,309,915
980,109,1089
200,133,333
387,373,760
624,146,770
987,112,1099
210,120,330
381,430,811
688,394,1082
992,131,1123
234,145,379
411,496,907
759,492,1251
991,168,1159
270,179,449
444,450,894
712,265,977
994,112,1106
217,111,328
379,518,897
784,486,1270
977,118,1095
206,138,344
389,432,821
680,110,790
978,109,1087
198,122,320
374,402,776
651,199,850
991,111,1102
213,107,320
372,715,1087
977,267,1244
987,112,1099
210,117,327
378,552,930
810,394,1204
1000,101,1101
212,93,305
367,537,904
808,337,1145
987,96,1083
194,100,294
361,418,779
676,209,885
1020,107,1127
238,118,356
412,373,785
664,582,1246
987,113,1100
211,109,320
370,583,953
841,231,1072
985,107,1092
203,111,314
370,325,695
581,340,921
978,109,1087
198,124,322
376,527,903
776,215,991
997,109,1106
217,116,333
387,326,713
594,336,930
985,111,1096
207,124,331
383,344,727
600,270,870
1000,92,1092
203,89,292
363,544,907
815,325,1140
1007,92,1099
210,97,307
378,765,1143
1043,482,1525
987,147,1134
245,152,397
413,544,957
802,368,1170
988,79,1067
178,83,261
345,425,770
684,232,916
976,96,1072
183,103,286
353,302,655
549,289,838
975,107,1082
193,114,307
363,655,1018
901,310,1211
983,112,1095
206,116,322
373,753,1126
1007,310,1317
986,112,1098
209,114,323
374,561,935
818,427,1245
984,96,1080
191,104,295
362,357,719
612,150,762
978,96,1074
185,111,296
363,395,758
644,190,834
994,107,1101
212,98,310
366,480,846
745,263,1008
994,96,1090
201,125,326
393,560,953
825,237,1062
975,107,1082
193,115,308
364,331,695
577,79,656
998,149,1147
258,117,375
389,816,1205
1085,416,1501
997,92,1089
200,104,304
375,423,798
691,314,1005
991,112,1103
214,119,333
384,547,931
809,382,1191
980,123,1103
214,112,326
366,621,987
872,357,1229
992,90,1082
193,86,279
352,477,829
740,373,1113
998,148,1146
257,251,508
523,742,1265
1011,311,1322
996,109,1105
216,121,337
391,465,856
732,258,990
1019,129,1148
259,137,396
430,314,744
604,392,996
996,131,1127
238,112,350
382,796,1178
1063,391,1454
1012,91,1103
214,176,390
462,634,1096
917,624,1541
1011,105,1116
227,201,428
486,726,1212
1008,322,1330
973,105,1078
189,104,293
351,166,517
410,116,526
994,136,1130
241,156,397
424,549,973
814,321,1135
988,92,1080
191,91,282
353,566,919
825,281,1106
997,96,1093
204,103,307
374,412,786
680,170,850
999,109,1108
219,101,320
374,402,776
672,339,1011
1000,112,1112
223,118,341
392,826,1218
1097,360,1457
991,96,1087
198,100,298
365,560,925
822,361,1183
1015,166,1181
292,151,443
440,379,819
665,528,1193
978,129,1107
218,123,341
375,571,946
820,331,1151
994,153,1147
258,145,403
413,609,1022
874,360,1234
981,134,1115
226,132,358
387,429,816
681,351,1032
996,96,1092
203,95,298
365,470,835
737,244,981
983,112,1095
206,119,325
376,561,937
815,364,1179
974,105,1079
190,107,297
355,426,781
671,128,799
987,112,1099
210,122,332
383,481,864
739,372,1111
976,113,1089
200,137,337
387,482,869
729,101,830
984,115,1099
210,275,485
533,545,1078
800,239,1039
1009,112,1121
232,125,357
408,548,956
828,493,1321
976,129,1105
216,122,338
372,443,815
690,317,1007
984,129,1113
224,112,336
370,481,851
736,217,953
998,153,1151
262,150,412
422,558,980
827,355,1182
1000,136,1136
247,145,392
419,529,948
800,444,1244
1010,109,1119
230,111,341
395,427,822
708,413,1121
991,107,1098
209,111,320
376,346,722
608,342,950
979,101,1080
191,100,291
353,398,751
648,183,831
1000,131,1131
242,113,355
387,525,912
796,421,1217
997,96,1093
204,84,288
355,773,1128
1041,392,1433
985,96,1081
192,112,304
371,381,752
637,179,816
985,92,1077
188,100,288
359,503,862
759,167,926
1014,91,1105
216,183,399
471,517,988
802,242,1044
1011,133,1144
255,270,525
555,517,1072
799,293,1092
991,96,1087
198,99,297
364,364,728
626,149,775
1009,131,1140
251,129,380
412,568,980
848,479,1327
1005,186,1191
302,184,486
463,732,1195
1008,352,1360
997,153,1150
261,147,408
418,626,1044
894,442,1336
1001,112,1113
224,120,344
395,886,1281
1158,473,1631
1003,142,1145
256,158,414
435,779,1214
1053,412,1465
997,85,1082
193,83,276
354,558,912
826,311,1137
1003,74,1077
188,83,271
360,603,963
877,335,1212
999,147,1146
257,148,405
421,473,894
743,438,1181
998,147,1145
256,147,403
419,860,1279
1129,401,1530
1010,142,1152
263,242,505
526,560,1086
841,320,1161
996,147,1143
254,155,409
425,341,766
608,394,1002
985,109,1094
205,121,326
380,453,833
709,243,952
1000,153,1153
264,130,394
404,733,1137
1004,434,1438
978,129,1107
218,109,327
361,475,836
724,242,966
986,101,1087
198,93,291
353,822,1175
1079,399,1478
1006,109,1115
226,113,339
393,333,726
610,399,1009
987,79,1066
177,83,260
344,514,858
772,308,1080
986,90,1076
187,97,284
357,593,950
850,322,1172
972,151,1123
234,128,362
374,522,896
765,241,1006
989,107,1096
207,102,309
365,638,1003
898,313,1211
977,96,1073
184,109,293
360,459,819
707,131,838
978,78,1056
167,91,258
343,437,780
686,279,965
1006,113,1119
230,215,445
495,507,1002
784,495,1279
992,135,1127
238,146,384
412,542,954
805,393,1198
994,111,1105
216,96,312
364,601,965
866,269,1135
978,96,1074
185,96,281
348,335,683
584,138,722
981,96,1077
188,109,297
364,263,627
515,287,802
1000,109,1109
220,135,355
409,522,931
793,396,1189
984,112,1096
207,125,332
383,620,1003
875,315,1190
977,91,1068
179,210,389
461,403,864
651,116,767
976,107,1083
194,113,307
363,410,773
657,239,896
996,96,1092
203,117,320
387,459,846
726,277,1003
983,96,1079
190,106,296
363,506,869
760,269,1029
999,96,1095
206,99,305
372,592,964
862,422,1284
1003,129,1132
243,122,365
399,569,968
843,379,1222
1000,112,1112
223,107,330
381,540,921
811,308,1119
991,162,1153
264,155,419
420,675,1095
937,308,1245
996,109,1105
216,108,324
378,575,953
842,260,1102
1001,107,1108
219,104,323
379,424,803
696,179,875
992,92,1084
195,80,275
346,548,894
811,359,1170
983,129,1112
223,134,357
391,419,810
673,281,954
990,106,1096
207,107,314
371,387,758
648,207,855
984,153,1137
248,140,388
398,496,894
751,315,1066
986,96,1082
193,106,299
366,471,837
728,244,972
974,123,1097
208,129,337
377,389,766
634,198,832
979,148,1127
238,165,403
418,468,886
718,475,1193
973,105,1078
189,114,303
361,448,809
692,166,858
994,149,1143
254,151,405
419,588,1007
853,324,1177
974,105,1079
190,104,294
352,391,743
636,161,797
979,124,1103
214,89,303
342,713,1055
963,326,1289
995,92,1087
198,109,307
378,432,810
698,234,932
997,91,1088
199,172,371
443,379,822
647,272,919
985,96,1081
192,106,298
365,316,681
572,275,847
987,112,1099
210,122,332
383,468,851
726,211,937
994,113,1107
218,125,343
393,281,674
546,278,824
974,123,1097
208,110,318
358,441,799
686,303,989
991,114,1105
216,123,339
388,809,1197
1071,435,1506
987,129,1116
227,138,365
399,592,991
850,174,1024
1002,115,1117
228,172,400
448,680,1128
953,341,1294
998,107,1105
216,100,316
372,506,878
775,296,1071
995,153,1148
259,143,402
412,427,839
693,284,977
991,96,1087
198,101,299
366,553,919
815,344,1159
972,129,1101
212,134,346
380,432,812
675,310,985
977,105,1082
193,88,281
339,467,806
715,200,915
990,131,1121
232,131,363
395,529,924
790,183,973
992,96,1088
199,100,299
366,440,806
703,233,936
977,140,1117
228,130,358
381,457,838
705,354,1059
973,135,1108
219,134,353
381,411,792
655,319,974
1001,109,1110
221,130,351
405,618,1023
890,418,1308
988,96,1084
195,109,304
371,260,631
519,233,752
990,147,1137
248,147,395
411,584,995
845,354,1199
1001,142,1143
254,135,389
410,715,1125
987,447,1434
979,131,1110
221,152,373
405,414,819
664,398,1062
1001,147,1148
259,148,407
423,842,1265
1114,492,1606
995,198,1193
304,187,491
456,696,1152
962,374,1336
991,147,1138
249,150,399
415,570,985
832,373,1205
997,144,1141
252,140,392
411,677,1088
945,373,1318
989,90,1079
190,92,282
355,663,1018
923,345,1268
1013,96,1109
220,107,327
394,579,973
863,372,1235
1003,91,1094
205,186,391
463,509,972
783,388,1171
1017,164,1181
292,296,588
587,817,1404
1105,421,1526
983,107,1090
201,92,293
349,341,690
595,182,777
1003,96,1099
210,100,310
377,499,876
773,320,1093
977,129,1106
217,116,333
367,395,762
643,247,890
982,153,1135
246,137,383
393,481,874
734,260,994
999,109,1108
219,124,343
397,595,992
865,375,1240
973,162,1135
246,128,374
375,509,884
753,192,945
978,105,1083
194,99,293
351,416,767
665,213,878
993,123,1116
227,136,363
403,622,1025
886,403,1289
1001,123,1124
235,118,353
393,760,1153
1032,357,1389
1004,127,1131
242,251,493
529,755,1284
1030,408,1438
991,109,1100
211,97,308
362,607,969
869,290,1159
983,96,1079
190,111,301
368,480,848
734,251,985
980,96,1076
187,98,285
352,329,681
580,147,727
1010,123,1133
244,120,364
404,627,1031
908,370,1278
989,125,1114
225,134,359
397,836,1233
1096,445,1541
987,133,1120
231,253,484
514,621,1135
879,602,1481
974,123,1097
208,114,322
362,573,935
818,298,1116
981,107,1088
199,109,308
364,517,881
769,346,1115
986,149,1135
246,139,385
399,600,999
857,324,1181
996,112,1108
219,116,335
386,529,915
795,438,1233
1002,79,1081
192,80,272
356,573,929
846,304,1150
977,91,1068
179,192,371
443,361,804
609,88,697
974,127,1101
212,126,338
374,531,905
776,100,876
987,135,1122
233,239,472
500,525,1025
783,220,1003
986,148,1134
245,159,404
419,442,861
699,251,950
1011,129,1140
251,117,368
402,574,976
856,307,1163
977,91,1068
179,115,294
366,419,785
667,74,741
976,125,1101
212,128,340
378,478,856
725,238,963
999,112,1111
222,116,338
389,823,1212
1093,380,1473
1015,145,1160
271,150,421
439,664,1103
950,408,1358
985,96,1081
192,96,288
355,470,825
726,245,971
1000,149,1149
260,155,415
429,624,1053
895,334,1229
1008,109,1117
228,101,329
383,975,1358
1254,516,1770
1004,123,1127
238,118,356
396,722,1118
997,425,1422
994,91,1085
196,140,336
408,464,872
729,244,973
973,129,1102
213,136,349
383,410,793
654,195,849
982,109,1091
202,121,323
377,485,862
738,263,1001
1002,165,1167
278,142,420
418,816,1234
1089,497,1586
975,96,1071
182,103,285
352,401,753
647,181,828
987,91,1078
189,181,370
442,505,947
763,457,1220
1014,113,1127
238,125,363
413,801,1214
1086,519,1605
979,123,1102
213,117,330
370,539,909
789,123,912
993,96,1089
200,101,301
368,418,786
682,266,948
1010,115,1125
236,168,404
452,820,1272
1101,258,1359
979,120,1099
210,109,319
362,497,859
747,125,872
1001,92,1093
204,89,293
364,614,978
886,387,1273
989,96,1085
196,117,313
380,290,670
550,207,757
998,96,1094
205,101,306
373,775,1148
1044,235,1279
1002,96,1098
209,106,315
382,441,823
714,276,990
991,171,1162
273,159,432
424,601,1025
863,305,1168
1001,147,1148
259,159,418
434,507,941
779,492,1271
976,123,1099
210,138,348
388,456,844
703,418,1121
1016,127,1143
254,219,473
509,631,1140
918,333,1251
994,136,1130
241,111,352
379,561,940
826,294,1120
980,131,1111
222,156,378
410,419,829
670,164,834
988,112,1100
211,113,324
375,558,933
817,242,1059
982,89,1071
182,93,275
349,366,715
619,392,1011
976,123,1099
210,112,322
362,644,1006
891,294,1185
1018,107,1125
236,104,340
396,686,1082
975,323,1298
981,96,1077
188,104,292
359,497,856
749,285,1034
986,96,1082
193,102,295
362,462,824
719,252,971
985,92,1077
188,89,277
348,296,644
552,192,744
1000,148,1148
259,169,428
443,493,936
764,305,1069
972,105,1077
188,80,268
326,397,723
640,293,933
997,109,1106
217,128,345
399,378,777
646,429,1075
1002,131,1133
244,141,385
417,707,1124
980,441,1421
1008,114,1122
233,105,338
387,549,936
828,250,1078
998,114,1112
223,111,334
383,532,915
801,285,1086
981,109,1090
201,136,337
391,643,1034
895,253,1148
988,145,1133
244,136,380
398,340,738
599,279,878
987,96,1083
194,106,300
367,524,891
782,300,1082
1013,148,1161
272,163,435
450,470,920
754,411,1165
996,112,1108
219,119,338
389,519,908
786,415,1201
1011,127,1138
249,254,503
539,611,1150
893,334,1227
1014,91,1105
216,175,391
463,746,1209
1031,259,1290
993,112,1105
216,117,333
384,473,857
737,406,1143
988,96,1084
195,100,295
362,430,792
689,274,963
989,92,1081
192,90,282
353,644,997
904,374,1278
999,136,1135
246,113,359
386,610,996
880,334,1214
987,89,1076
187,168,355
429,413,842
671,189,860
988,90,1078
189,87,276
349,442,791
701,277,978
977,123,1100
211,118,329
369,536,905
784,311,1095
985,112,1097
208,108,316
367,537,904
793,355,1148
1009,142,1151
262,277,539
560,523,1083
803,326,1129
