prompt_tokens,completion_tokens,total_tokens
1097,230,1327
438,250,688
621,624,1245
992,477,1469
1382,181,1563
674,321,995
977,608,1585
1261,473,1734
1385,199,1584
695,323,1018
982,678,1660
1334,411,1745
1366,202,1568
679,281,960
921,819,1740
1456,752,2208
1129,173,1302
413,201,614
604,784,1388
1184,736,1920
1130,190,1320
431,439,870
843,1015,1858
1416,508,1924
1080,204,1284
395,259,654
613,721,1334
1072,625,1697
1097,181,1278
389,235,624
606,710,1316
1078,697,1775
1170,166,1336
447,186,633
630,921,1551
1362,556,1918
1168,218,1386
497,285,782
727,574,1301
1013,533,1546
1129,195,1324
435,224,659
627,642,1269
1042,659,1701
1143,195,1338
449,414,863
831,586,1417
1000,404,1404
1107,185,1292
403,189,592
570,627,1197
1005,544,1549
1180,186,1366
477,229,706
683,785,1468
1236,726,1962
1153,195,1348
459,276,735
703,837,1540
1261,799,2060
1199,200,1399
510,483,993
956,690,1646
1160,462,1622
1183,194,1377
488,248,736
705,532,1237
986,517,1503
1182,213,1395
506,267,773
723,650,1373
1103,633,1736
1387,234,1621
732,409,1141
1070,788,1858
1446,822,2268
1049,199,1248
359,274,633
597,1188,1785
1508,590,2098
1128,205,1333
444,227,671
629,665,1294
1064,562,1626
1171,200,1371
482,263,745
708,713,1421
1155,555,1710
1143,170,1313
424,253,677
670,776,1446
1190,456,1646
1083,198,1281
392,291,683
648,781,1429
1135,565,1700
1159,196,1355
466,498,964
931,576,1507
1006,384,1390
1151,172,1323
434,248,682
673,476,1149
898,463,1361
1145,198,1343
454,476,930
895,808,1703
1224,499,1723
1175,200,1375
486,459,945
908,870,1778
1316,431,1747
1418,242,1660
771,337,1108
1029,750,1779
1439,441,1880
1153,195,1348
459,345,804
772,893,1665
1317,894,2211
1556,214,1770
881,286,1167
1116,766,1882
1593,785,2378
1561,230,1791
902,329,1231
1164,752,1916
1584,805,2389
1120,218,1338
449,438,887
832,851,1683
1242,838,2080
1563,230,1793
904,338,1242
1175,721,1896
1555,497,2052
1177,185,1362
473,345,818
796,738,1534
1186,737,1923
1170,230,1400
511,277,788
721,715,1436
1156,511,1667
1147,213,1360
471,355,826
776,671,1447
1089,575,1664
1416,203,1619
730,348,1078
1038,949,1987
1636,1028,2664
1160,173,1333
444,184,628
618,612,1230
1043,490,1533
1111,195,1306
417,414,831
799,876,1675
1258,649,1907
1151,198,1349
460,251,711
676,735,1411
1157,1175,2332
1183,186,1369
480,259,739
716,879,1595
1333,905,2238
1213,165,1378
489,234,723
721,768,1489
1252,517,1769
1179,206,1385
496,392,888
845,680,1525
1130,624,1754
1388,212,1600
711,360,1071
1022,718,1740
1377,497,1874
1162,200,1362
473,462,935
898,661,1559
1094,517,1611
1194,200,1394
505,226,731
694,556,1250
1021,442,1463
1411,202,1613
724,346,1070
1031,650,1681
1332,447,1779
1144,170,1314
425,232,657
650,755,1405
1170,737,1907
1105,162,1267
378,228,606
607,633,1240
1009,557,1566
1146,196,1342
453,249,702
669,614,1283
1031,513,1544
1558,226,1784
895,282,1177
1114,732,1846
1561,622,2183
1214,193,1407
518,267,785
755,611,1366
1096,483,1579
1090,188,1278
389,193,582
557,618,1175
979,558,1537
1188,200,1388
499,233,732
695,514,1209
973,385,1358
1227,212,1439
550,270,820
771,800,1571
1298,864,2162
1144,183,1327
438,286,724
704,781,1485
1196,574,1770
1139,193,1332
443,201,644
614,866,1480
1276,869,2145
1138,213,1351
462,238,700
650,524,1174
933,400,1333
1149,208,1357
468,340,808
763,757,1520
1177,643,1820
1187,200,1387
498,274,772
735,674,1409
1132,590,1722
1175,143,1318
429,169,598
618,608,1226
1054,382,1436
1171,218,1389
500,269,769
714,688,1402
1130,521,1651
1140,211,1351
462,263,725
677,594,1271
1005,402,1407
1166,159,1325
436,322,758
762,534,1296
971,526,1497
1089,206,1295
406,237,643
600,498,1098
858,369,1227
1104,188,1292
403,251,654
629,720,1349
1095,639,1734
1164,181,1345
456,233,689
671,667,1338
1102,650,1752
1129,173,1302
413,220,633
623,629,1252
1029,565,1594
1200,167,1367
478,223,701
697,562,1259
1033,327,1360
1183,181,1364
475,286,761
743,811,1554
1265,507,1772
1149,212,1361
472,290,762
713,654,1367
1074,577,1651
1089,172,1261
372,224,596
587,565,1152
925,201,1126
1164,188,1352
463,385,848
823,960,1783
1395,983,2378
1518,265,1783
894,387,1281
1179,436,1615
1225,387,1612
1381,242,1623
734,368,1102
1023,685,1708
1337,473,1810
1211,216,1427
538,236,774
721,485,1206
967,379,1346
1158,143,1301
412,199,611
631,584,1215
1013,393,1406
1214,163,1377
488,236,724
724,630,1354
1115,658,1773
1183,165,1348
459,310,769
767,538,1305
992,405,1397
1150,141,1291
402,187,589
611,653,1264
1074,431,1505
1521,229,1750
861,360,1221
1155,846,2001
1638,865,2503
1236,198,1434
545,253,798
763,659,1422
1166,421,1587
1094,160,1254
365,239,604
607,818,1425
1183,571,1754
1090,196,1286
397,292,689
656,592,1248
953,483,1436
1140,198,1338
449,489,938
903,802,1705
1213,616,1829
1132,195,1327
438,244,682
650,972,1622
1375,610,1985
1180,238,1418
529,320,849
774,760,1534
1211,746,1957
1138,195,1333
444,221,665
633,491,1124
900,468,1368
1217,200,1417
528,262,790
753,625,1378
1113,608,1721
1132,223,1355
466,517,983
923,719,1642
1122,251,1373
1047,159,1206
317,194,511
515,723,1238
1041,479,1520
1090,187,1277
388,192,580
556,876,1432
1237,1149,2386
1121,184,1305
416,295,711
690,896,1586
1288,1437,2725
1482,209,1691
802,327,1129
1083,703,1786
1456,602,2058
1132,179,1311
422,248,670
654,631,1285
1034,683,1717
1041,200,1241
352,233,585
548,698,1246
1010,514,1524
1212,201,1413
524,246,770
732,546,1278
1029,415,1444
1172,203,1375
486,229,715
675,894,1569
1337,475,1812
1090,195,1285
396,287,683
651,437,1088
798,375,1173
1176,183,1359
470,270,740
720,655,1375
1102,576,1678
1152,197,1349
460,206,666
632,506,1138
929,543,1472
1125,181,1306
417,212,629
611,518,1129
914,454,1368
1170,186,1356
467,230,697
674,789,1463
1230,479,1709
1147,215,1362
473,329,802
750,728,1478
1146,661,1807
1132,181,1313
424,211,635
617,540,1157
943,336,1279
1115,200,1315
426,303,729
692,746,1438
1132,764,1896
1183,186,1369
480,202,682
659,759,1418
1213,641,1854
1460,174,1634
745,249,994
983,694,1677
1425,574,1999
1267,212,1479
590,307,897
848,754,1602
1292,316,1608
1146,196,1342
453,437,890
857,726,1583
1143,492,1635
1196,164,1360
471,255,726
725,928,1653
1395,399,1794
1158,205,1363
474,502,976
934,586,1520
1015,483,1498
1170,212,1382
493,317,810
761,873,1634
1314,687,2001
1167,163,1330
441,230,671
671,705,1376
1143,473,1616
1137,195,1332
443,248,691
659,698,1357
1106,646,1752
1130,195,1325
436,352,788
756,976,1732
1377,495,1872
1184,195,1379
490,257,747
715,528,1243
983,410,1393
1385,233,1618
729,369,1098
1137,195,1332
443,278,721
689,979,1668
1387,550,1937
1130,230,1360
471,289,760
693,484,1177
885,347,1232
1184,173,1357
468,223,691
681,598,1279
1053,460,1513
1385,198,1583
694,291,985
950,704,1654
1360,592,1952
1120,185,1305
416,241,657
635,716,1351
1107,534,1641
1383,180,1563
674,264,938
921,586,1507
1240,479,1719
1179,173,1352
463,261,724
714,749,1463
1199,556,1755
1266,200,1466
577,294,871
834,910,1744
1447,930,2377
1214,181,1395
506,270,776
758,623,1381
1108,384,1492
1151,195,1346
457,422,879
847,714,1561
1136,444,1580
1483,242,1725
836,383,1219
1140,679,1819
1433,478,1911
1305,168,1473
584,212,796
791,658,1449
1234,593,1827
1101,167,1268
379,370,749
745,1205,1950
1577,700,2277
1099,185,1284
395,322,717
695,711,1406
1081,482,1563
1123,158,1281
392,259,651
656,818,1474
1212,513,1725
1162,195,1357
468,208,676
644,773,1417
1206,803,2009
1147,213,1360
471,300,771
721,636,1357
1054,492,1546
1133,183,1316
427,273,700
680,547,1227
951,353,1304
1185,200,1385
496,281,777
740,694,1434
1150,590,1740
1152,197,1349
460,251,711
677,622,1299
1045,545,1590
1083,148,1231
342,192,534
549,638,1187
992,493,1485
1179,193,1372
483,222,705
675,794,1469
1244,559,1803
1527,224,1751
862,440,1302
1241,999,2240
1797,990,2787
1166,201,1367
478,217,695
657,546,1203
983,574,1557
1111,230,1341
452,255,707
640,806,1446
1188,792,1980
1137,196,1333
444,230,674
641,809,1450
1217,797,2014
1100,161,1261
372,187,559
561,537,1098
908,420,1328
1171,193,1364
475,327,802
772,687,1459
1129,620,1749
1127,195,1322
433,266,699
667,530,1197
928,430,1358
1120,186,1306
417,372,789
766,616,1382
1007,598,1605
1523,230,1753
864,330,1194
1127,874,2001
1668,945,2613
1250,213,1463
574,289,863
813,618,1431
1139,466,1605
1301,295,1596
707,415,1122
990,1078,2068
1650,880,2530
1525,258,1783
894,332,1226
1131,1217,2348
2013,1224,3237
1160,215,1375
486,268,754
702,622,1324
1053,581,1634
1231,209,1440
551,339,890
844,761,1605
1263,638,1901
1366,202,1568
679,281,960
921,790,1711
1427,584,2011
1144,177,1321
432,206,638
624,872,1496
1287,433,1720
1077,167,1244
355,224,579
575,577,1152
925,583,1508
1314,227,1541
652,349,1001
937,758,1695
1343,723,2066
1460,196,1656
767,329,1096
1063,747,1810
1478,597,2075
1202,181,1383
494,240,734
716,775,1491
1248,569,1817
1161,213,1374
485,276,761
711,546,1257
978,447,1425
1114,179,1293
404,202,606
590,629,1219
1014,679,1693
1207,200,1407
518,282,800
763,545,1308
1023,409,1432
1094,172,1266
377,295,672
663,893,1556
1258,872,2130
1159,213,1372
483,292,775
725,711,1436
1141,741,1882
1114,195,1309
420,257,677
645,753,1398
1138,619,1757
1305,163,1468
579,216,795
795,564,1359
1140,430,1570
1083,213,1296
407,267,674
624,618,1242
972,457,1429
1189,173,1362
473,256,729
719,746,1465
1206,579,1785
1413,222,1635
746,429,1175
1116,703,1819
1387,407,1794
1176,193,1369
480,236,716
686,664,1350
1111,427,1538
1105,195,1300
411,250,661
629,611,1240
987,547,1534
1216,193,1409
520,429,949
919,787,1706
1274,674,1948
1202,195,1397
508,273,781
749,704,1453
1177,656,1833
1160,173,1333
444,190,634
624,589,1213
1020,542,1562
1085,185,1270
381,229,610
588,565,1153
921,416,1337
1215,193,1408
519,249,768
738,738,1476
1224,708,1932
1079,200,1279
390,300,690
653,951,1604
1301,480,1781
1182,201,1383
494,247,741
703,726,1429
1179,627,1806
1231,215,1446
557,257,814
762,647,1409
1149,473,1622
1040,184,1224
335,224,559
538,488,1026
799,356,1155
1163,217,1380
491,390,881
827,857,1684
1291,776,2067
1100,166,1266
377,322,699
696,632,1328
1003,580,1583
1088,143,1231
342,257,599
619,889,1508
1248,941,2189
1187,206,1393
504,385,889
846,797,1643
1255,793,2048
1097,183,1280
391,188,579
559,633,1192
1001,570,1571
1145,209,1354
465,296,761
715,869,1584
1285,563,1848
1097,196,1293
404,246,650
617,949,1566
1317,454,1771
1516,213,1729
840,302,1142
1092,518,1610
1305,369,1674
1386,244,1630
741,257,998
917,639,1556
1296,627,1923
