prompt_tokens,completion_tokens,total_tokens
1109,135,1244
355,153,508
536,746,1282
1126,227,1353
1123,153,1276
387,159,546
556,452,1008
846,412,1258
1115,169,1284
395,185,580
574,560,1134
946,385,1331
1127,152,1279
390,228,618
629,702,1331
1100,370,1470
1125,169,1294
405,196,601
595,545,1140
941,434,1375
1127,153,1280
391,209,600
610,692,1302
1090,301,1391
1096,185,1281
392,235,627
605,540,1145
907,535,1442
1066,187,1253
364,213,577
553,507,1060
844,501,1345
1117,169,1286
397,193,590
584,482,1066
870,463,1333
1124,173,1297
408,252,660
650,628,1278
1023,771,1794
1126,185,1311
422,196,618
596,495,1091
892,409,1301
1119,185,1304
415,180,595
573,742,1315
1132,514,1646
1125,169,1294
405,190,595
589,541,1130
937,451,1388
1066,185,1251
362,222,584
562,796,1358
1133,594,1727
1116,169,1285
396,193,589
583,562,1145
949,506,1455
1119,169,1288
399,184,583
577,487,1064
877,377,1254
1128,136,1264
375,149,524
551,656,1207
1055,509,1564
1119,134,1253
364,149,513
542,406,948
796,318,1114
1061,185,1246
357,247,604
582,791,1373
1123,747,1870
1062,169,1231
342,201,543
537,423,960
756,287,1043
1132,152,1284
395,167,562
573,835,1408
1238,452,1690
1112,185,1297
408,239,647
625,928,1553
1311,494,1805
1063,153,1216
327,191,518
528,602,1130
936,665,1601
1108,185,1293
404,242,646
624,679,1303
1058,659,1717
1123,169,1292
403,192,595
589,722,1311
1116,415,1531
1120,185,1305
416,198,614
592,674,1266
1065,334,1399
1067,169,1236
347,188,535
529,710,1239
1048,307,1355
1085,153,1238
349,183,532
542,636,1178
992,589,1581
1067,185,1252
363,252,615
593,645,1238
983,412,1395
1061,185,1246
357,231,588
566,707,1273
1039,401,1440
1117,169,1286
397,190,587
581,771,1352
1159,333,1492
1119,169,1288
399,202,601
595,662,1257
1052,356,1408
1081,153,1234
345,187,532
542,568,1110
920,233,1153
1125,169,1294
405,182,587
581,718,1299
1114,435,1549
1086,153,1239
350,179,529
539,893,1432
1250,829,2079
1125,169,1294
405,199,604
598,567,1165
963,630,1593
1113,169,1282
393,199,592
586,458,1044
842,457,1299
1123,169,1292
403,189,592
586,530,1116
924,548,1472
1065,163,1228
339,182,521
521,623,1144
959,352,1311
1129,136,1265
376,156,532
559,571,1130
971,571,1542
1113,185,1298
409,276,685
663,861,1524
1245,647,1892
1066,163,1229
340,215,555
555,514,1069
851,457,1308
1119,152,1271
382,176,558
569,671,1240
1061,628,1689
1122,136,1258
369,167,536
563,552,1115
945,427,1372
1121,185,1306
417,239,656
634,567,1201
959,399,1358
1114,169,1283
394,189,583
577,618,1195
1003,521,1524
1132,169,1301
412,208,620
614,636,1250
1039,504,1543
1116,153,1269
380,153,533
543,572,1115
959,362,1321
1112,169,1281
392,191,583
577,529,1106
912,381,1293
1113,185,1298
409,208,617
595,554,1149
938,647,1585
1123,152,1275
386,196,582
593,682,1275
1076,360,1436
1127,153,1280
391,191,582
592,506,1098
904,522,1426
1123,185,1308
419,200,619
597,517,1114
911,613,1524
1124,153,1277
388,195,583
593,500,1093
895,511,1406
1115,152,1267
378,168,546
557,577,1134
963,517,1480
1113,169,1282
393,184,577
571,949,1520
1333,262,1595
1064,153,1217
328,160,488
498,556,1054
891,286,1177
1125,169,1294
405,200,605
599,607,1206
1003,498,1501
1113,136,1249
360,166,526
553,486,1039
870,462,1332
1122,185,1307
418,260,678
656,698,1354
1091,701,1792
1117,169,1286
397,206,603
597,915,1512
1303,458,1761
1102,169,1271
382,205,587
581,827,1408
1200,363,1563
1125,169,1294
405,178,583
577,468,1045
864,390,1254
1109,189,1298
409,236,645
619,549,1168
929,588,1517
1117,169,1286
397,186,583
577,540,1117
928,369,1297
1125,169,1294
405,188,593
587,518,1105
914,313,1227
1109,185,1294
405,227,632
610,948,1558
1328,504,1832
1131,185,1316
427,206,633
611,565,1176
967,624,1591
1102,185,1287
398,254,652
630,731,1361
1104,419,1523
1120,152,1272
383,158,541
552,857,1409
1248,432,1680
1115,153,1268
379,183,562
572,524,1096
910,381,1291
1126,153,1279
390,211,601
611,652,1263
1049,389,1438
1064,185,1249
360,237,597
575,676,1251
1011,426,1437
1103,185,1288
399,233,632
610,891,1501
1265,383,1648
1134,169,1303
414,187,601
595,469,1064
874,358,1232
1134,169,1303
414,177,591
585,826,1411
1231,771,2002
1131,169,1300
411,202,613
607,809,1416
1211,417,1628
1109,185,1294
405,241,646
624,544,1168
924,510,1434
1081,135,1216
327,164,491
519,685,1204
1037,361,1398
1127,169,1296
407,208,615
609,529,1138
927,332,1259
1127,153,1280
391,176,567
577,498,1075
896,319,1215
1123,169,1292
403,195,598
592,498,1090
892,472,1364
1132,152,1284
395,154,549
560,766,1326
1169,421,1590
1067,185,1252
363,245,608
586,699,1285
1037,325,1362
1121,136,1257
368,140,508
535,702,1237
1094,650,1744
1114,185,1299
410,191,601
579,618,1197
1003,577,1580
1107,185,1292
403,225,628
606,854,1460
1232,424,1656
1113,169,1282
393,196,589
583,615,1198
999,328,1327
1124,185,1309
420,193,613
591,647,1238
1042,622,1664
1123,169,1292
403,194,597
591,472,1063
866,466,1332
1125,153,1278
389,169,558
568,632,1200
1028,587,1615
1117,189,1306
417,218,635
609,570,1179
958,461,1419
1065,169,1234
345,191,536
530,489,1019
825,313,1138
1066,130,1196
307,156,463
496,436,932
773,353,1126
1127,153,1280
391,182,573
583,473,1056
871,396,1267
1117,152,1269
380,170,550
561,743,1304
1131,277,1408
1108,169,1277
388,188,576
570,539,1109
918,503,1421
1119,185,1304
415,222,637
615,553,1168
943,489,1432
1109,169,1278
389,195,584
578,486,1064
866,357,1223
1117,169,1286
397,190,587
581,562,1143
950,560,1510
1064,153,1217
328,187,515
525,553,1078
888,488,1376
1132,136,1268
379,151,530
557,560,1117
963,364,1327
1067,169,1236
347,200,547
541,554,1095
892,214,1106
1134,153,1287
398,156,554
564,571,1135
976,534,1510
1113,152,1265
376,174,550
561,665,1226
1049,401,1450
1127,181,1308
419,233,652
634,808,1442
1206,388,1594
1123,136,1259
370,164,534
561,630,1191
1024,547,1571
1124,153,1277
388,182,570
580,545,1125
940,620,1560
1129,169,1298
409,215,624
618,758,1376
1158,578,1736
1125,169,1294
405,207,612
606,418,1024
814,544,1358
1125,169,1294
405,202,607
601,559,1160
955,530,1485
1124,169,1293
404,227,631
625,745,1370
1140,329,1469
1113,130,1243
354,147,501
534,1017,1551
1401,533,1934
1123,131,1254
365,242,607
639,663,1302
1057,394,1451
1122,185,1307
418,234,652
630,694,1324
1087,210,1297
1110,169,1279
390,174,564
558,578,1136
959,559,1518
1124,185,1309
420,214,634
612,584,1196
979,547,1526
1127,169,1296
407,192,599
593,600,1193
998,434,1432
1125,153,1278
389,184,573
583,737,1320
1133,454,1587
1068,153,1221
332,189,521
531,453,984
792,316,1108
1123,169,1292
403,195,598
592,443,1035
837,441,1278
1066,187,1253
364,193,557
533,466,999
803,327,1130
1110,185,1295
406,186,592
570,600,1170
981,499,1480
1084,169,1253
364,208,572
566,823,1389
1178,420,1598
1065,181,1246
357,231,588
570,703,1273
1039,493,1532
1126,136,1262
373,174,547
574,370,944
767,415,1182
1064,169,1233
344,196,540
534,456,990
791,334,1125
1123,152,1275
386,198,584
595,597,1192
991,520,1511
1125,169,1294
405,185,590
584,457,1041
853,470,1323
1112,185,1297
408,190,598
576,675,1251
1058,741,1799
1127,153,1280
391,166,557
567,461,1028
859,457,1316
1127,169,1296
407,190,597
591,549,1140
947,468,1415
1127,169,1296
407,205,612
606,473,1079
871,474,1345
1120,136,1256
367,197,564
591,573,1164
964,323,1287
1085,130,1215
326,178,504
537,778,1315
1134,328,1462
1125,169,1294
405,201,606
600,536,1136
932,638,1570
1082,155,1237
348,179,527
535,626,1161
979,293,1272
1110,185,1295
406,227,633
611,715,1326
1096,649,1745
1134,185,1319
430,233,663
641,886,1527
1291,458,1749
1121,185,1306
417,180,597
575,654,1229
1046,616,1662
1132,153,1285
396,192,588
598,485,1083
888,393,1281
1113,185,1298
409,204,613
591,479,1070
863,468,1331
1123,169,1292
403,198,601
595,643,1238
1037,619,1656
1112,136,1248
359,160,519
546,347,893
730,272,1002
1125,169,1294
405,188,593
587,629,1216
1025,649,1674
1122,185,1307
418,233,651
629,636,1265
1029,529,1558
1134,165,1299
410,182,592
590,483,1073
888,485,1373
1062,185,1247
358,248,606
584,755,1339
1088,429,1517
1066,130,1196
307,164,471
504,826,1330
1163,389,1552
1126,185,1311
422,197,619
597,701,1298
1098,444,1542
1086,135,1221
332,155,487
515,565,1080
922,392,1314
1108,152,1260
371,171,542
553,525,1078
904,412,1316
1123,148,1271
382,165,547
562,433,995
827,475,1302
1066,136,1202
313,174,487
514,560,1074
897,459,1356
1118,136,1254
365,169,534
561,464,1025
853,322,1175
1116,169,1285
396,178,574
568,718,1286
1105,581,1686
1111,136,1247
358,146,504
531,523,1054
905,501,1406
1127,153,1280
391,202,593
603,652,1255
1050,545,1595
1123,153,1276
387,177,564
574,536,1110
930,352,1282
1115,152,1267
378,193,571
582,912,1494
1298,699,1997
1115,169,1284
395,192,587
581,599,1180
985,454,1439
1087,169,1256
367,230,597
591,547,1138
905,466,1371
1064,153,1217
328,185,513
523,524,1047
859,405,1264
1063,130,1193
304,147,451
484,456,940
790,395,1185
1121,185,1306
417,222,639
617,534,1151
926,646,1572
1109,185,1294
405,257,662
640,809,1449
1189,444,1633
1108,169,1277
388,198,586
580,691,1271
1070,427,1497
1090,153,1243
354,208,562
572,598,1170
959,568,1527
1123,136,1259
370,141,511
538,704,1242
1098,524,1622
1121,185,1306
417,237,654
632,433,1065
825,348,1173
1118,169,1287
398,196,594
588,737,1325
1126,282,1408
1070,153,1223
334,190,524
534,526,1060
867,375,1242
1129,169,1298
409,183,592
586,553,1139
953,517,1470
1117,152,1269
380,178,558
569,550,1119
938,478,1416
1119,169,1288
399,179,578
572,477,1049
867,390,1257
1115,153,1268
379,178,557
567,688,1255
1074,567,1641
1062,185,1247
358,253,611
589,482,1071
815,330,1145
1115,152,1267
378,170,548
559,663,1222
1049,414,1463
1124,169,1293
404,210,614
608,706,1314
1101,318,1419
1110,185,1295
406,197,603
581,610,1191
991,572,1563
1066,185,1251
362,247,609
587,433,1020
770,400,1170
1122,169,1291
402,234,636
630,641,1271
1034,367,1401
1061,185,1246
357,238,595
573,475,1048
807,375,1182
1121,185,1306
417,224,641
619,830,1449
1222,768,1990
1125,187,1312
423,228,651
627,804,1431
1200,430,1630
1123,169,1292
403,177,580
574,562,1136
956,488,1444
1117,169,1286
397,194,591
585,809,1394
1197,566,1763
1126,153,1279
390,220,610
620,596,1216
993,540,1533
1127,153,1280
391,151,542
552,561,1113
959,382,1341
1123,169,1292
403,198,601
595,808,1403
1202,242,1444
1106,185,1291
402,226,628
606,647,1253
1024,310,1334
1083,135,1218
329,135,464
492,607,1099
961,553,1514
1111,169,1280
391,196,587
581,742,1323
1124,315,1439
1129,130,1259
370,151,521
554,1021,1575
1421,454,1875
1113,136,1249
360,161,521
548,466,1014
850,572,1422
1068,153,1221
332,189,521
531,593,1124
932,320,1252
1125,136,1261
372,183,555
582,428,1010
824,335,1159
1119,152,1271
382,175,557
568,759,1327
1149,504,1653
1128,152,1280
391,176,567
578,606,1184
1005,548,1553
1135,185,1320
431,192,623
601,1005,1606
1411,608,2019
1066,153,1219
330,175,505
515,610,1125
947,313,1260
1062,153,1215
326,199,525
535,720,1255
1053,414,1467
1108,185,1293
404,234,638
616,744,1360
1123,563,1686
1129,153,1282
393,184,577
587,858,1445
1258,386,1644
1065,181,1246
357,199,556
538,555,1093
891,510,1401
1119,185,1304
415,182,597
575,739,1314
1129,739,1868
1130,136,1266
377,198,575
602,670,1272
1071,817,1888
1117,185,1302
413,220,633
611,684,1295
1072,563,1635
1086,153,1239
350,175,525
535,794,1329
1151,697,1848
1123,136,1259
370,170,540
567,675,1242
1069,499,1568
1117,185,1302
413,241,654
632,859,1491
1247,369,1616
1108,185,1293
404,253,657
635,560,1195
939,594,1533
1133,152,1285
396,173,569
580,868,1448
1272,370,1642
1084,169,1253
364,214,578
572,698,1270
1053,349,1402
1121,185,1306
417,208,625
603,493,1096
885,302,1187
1118,169,1287
398,237,635
629,917,1546
1306,429,1735
1068,108,1176
287,136,423
478,448,926
787,443,1230
1123,152,1275
386,184,570
581,625,1206
1019,454,1473
1123,169,1292
403,194,597
591,412,1003
806,372,1178
1123,136,1259
370,177,547
574,482,1056
876,410,1286
1061,153,1214
325,173,498
508,591,1099
923,256,1179
1116,169,1285
396,181,577
571,523,1094
910,456,1366
1123,152,1275
386,177,563
574,636,1210
1030,547,1577
1132,165,1297
408,196,604
602,917,1519
1320,478,1798
1118,185,1303
414,222,636
614,625,1239
1014,390,1404
1127,136,1263
374,151,525
552,782,1334
1180,467,1647
1113,153,1266
377,173,550
560,503,1063
887,457,1344
1127,169,1296
407,214,621
615,446,1061
844,476,1320
1122,169,1291
402,209,611
605,505,1110
898,287,1185
1110,153,1263
374,167,541
551,888,1439
1269,417,1686
1116,152,1268
379,171,550
561,627,1188
1014,406,1420
1118,169,1287
398,197,595
589,846,1435
1235,332,1567
1061,185,1246
357,249,606
584,587,1171
919,230,1149
1129,185,1314
425,201,626
604,757,1361
1157,690,1847
1113,136,1249
360,157,517
544,636,1180
1020,336,1356
1117,136,1253
364,140,504
531,534,1065
922,418,1340
1115,136,1251
362,160,522
549,490,1039
876,324,1200
1120,136,1256
367,145,512
539,618,1157
1009,402,1411
1122,169,1291
402,211,613
607,539,1146
932,402,1334
1068,147,1215
326,180,506
522,680,1202
1019,403,1422
1126,148,1274
385,163,548
563,729,1292
1126,403,1529
1125,185,1310
421,206,627
605,484,1089
880,349,1229
1108,185,1293
404,212,616
594,624,1218
1003,529,1532
1066,152,1218
329,182,511
522,473,995
810,385,1195
1067,153,1220
331,170,501
511,460,971
798,329,1127
1070,131,1201
312,168,480
512,896,1408
1237,590,1827
1129,153,1282
393,187,580
590,517,1107
917,471,1388
1126,136,1262
373,166,539
566,617,1183
1014,321,1335
1118,169,1287
398,216,614
608,509,1117
898,366,1264
1118,136,1254
365,141,506
533,366,899
755,406,1161
